   1.2006917e+02   3.8547220e+01   5.6500000e+01  -8.9759000e+01  -2.8094440e+01   6.0786444e+04   1.0151284e+00   1.1017624e+02   2.8069693e+01  -1.7219489e-02  -6.0952105e+01   9.5733083e+00   9.3480633e+00   1.9000000e+00   2.0000000e+00   5.0472200e+00   1.8223075e+00   1.4225396e+03   1.6063625e+03   6.1554556e+00   7.0664842e+02   1.1794975e+03   5.6523537e+01   1.0297607e+01   7.3085135e-03   4.4951250e+00
   1.2073333e+02   4.1800000e+01   7.1200000e+01   3.1273401e+02  -3.3448336e+01   6.4552138e+04   1.1263871e+00   7.7761463e+01   3.3766670e+01  -1.5616679e-02   3.5876609e+01   1.0898500e+01   1.0600000e+01   1.9000000e+00   5.0000000e+00   6.0000000e+00   3.0000000e+00   1.6029945e+03   1.7314069e+03   7.6897169e+01   5.9592718e+02   1.3509163e+03   5.7956544e+01   1.0201779e+01   5.3437126e-03   2.1566535e-01
   1.2145000e+02   4.0950000e+01   5.7800000e+01   2.9100000e+01  -3.2436000e+01   6.0002143e+04   1.0508068e+00   1.0773267e+02   3.2494500e+01  -1.6280001e-02   1.4434924e+01   9.9970000e+00   1.0000000e+01   1.9000000e+00   4.1748169e+00   5.4500000e+00   2.4498779e+00   1.4962185e+03   1.6455155e+03  -1.7425000e+01   5.6974200e+02   1.2644675e+03   5.6988400e+01   9.8359614e+00   3.4907800e-03   2.3602500e+00
   1.2146667e+02   4.0950000e+01   6.2800000e+01   2.5715990e+01  -3.2422664e+01   6.0183603e+04   1.0503413e+00   1.0799778e+02   3.2477830e+01  -1.6218322e-02   1.4505926e+01   9.9970000e+00   1.0000000e+01   1.9000000e+00   4.1748169e+00   5.4500000e+00   2.4498779e+00   1.4951625e+03   1.6441961e+03  -1.8271669e+01   5.6882482e+02   1.2631002e+03   5.6962623e+01   9.8353624e+00   3.4963119e-03   2.3668347e+00
   1.2151667e+02   4.0966670e+01   5.4000000e+01   2.5051220e+01  -3.2418338e+01   6.0750167e+04   1.0500348e+00   1.0855192e+02   3.2471505e+01  -1.6053326e-02   1.4564369e+01   9.9970500e+00   9.9999833e+00   1.9000000e+00   4.1998219e+00   5.4666700e+00   2.4665479e+00   1.4931709e+03   1.6407537e+03  -1.7712383e+01   5.6545803e+02   1.2599489e+03   5.6889290e+01   9.8353574e+00   3.5344519e-03   2.2599760e+00
   1.2151667e+02   4.0983330e+01   6.9900000e+01   2.7900080e+01  -3.2432999e+01   6.0772448e+04   1.0511240e+00   1.0831105e+02   3.2488332e+01  -1.5938372e-02   1.4409942e+01   9.9970500e+00   9.9999833e+00   1.9000000e+00   4.2248119e+00   5.4833300e+00   2.4832079e+00   1.4943700e+03   1.6413041e+03  -1.6686294e+01   5.6518447e+02   1.2605782e+03   5.6893267e+01   9.8426146e+00   3.5676628e-03   2.2000000e+00
   1.2153333e+02   4.0966670e+01   5.5700000e+01   2.8299920e+01  -3.2426001e+01   6.0931518e+04   1.0495696e+00   1.0881686e+02   3.2481668e+01  -1.6126630e-02   1.4635328e+01   9.9971000e+00   9.9999667e+00   1.9000000e+00   4.1998219e+00   5.4666700e+00   2.4665479e+00   1.4920915e+03   1.6393994e+03  -1.6487706e+01   5.6419953e+02   1.2589023e+03   5.6863529e+01   9.8292921e+00   3.5283042e-03   2.2000000e+00
   1.2155000e+02   4.0966670e+01   6.4500000e+01   3.1550570e+01  -3.2433670e+01   6.1112978e+04   1.0491041e+00   1.0908197e+02   3.2491837e+01  -1.6199978e-02   1.4706329e+01   9.9971500e+00   9.9999500e+00   1.9000000e+00   4.1998219e+00   5.4666700e+00   2.4665479e+00   1.4910114e+03   1.6380443e+03  -1.5262295e+01   5.6294028e+02   1.2578551e+03   5.6837752e+01   9.8232233e+00   3.5221528e-03   2.1399880e+00
   1.2156667e+02   4.0983330e+01   6.9500000e+01   3.7650080e+01  -3.2455999e+01   6.1316718e+04   1.0497277e+00   1.0910620e+02   3.2518832e+01  -1.6158372e-02   1.4622904e+01   9.9972000e+00   9.9999333e+00   1.9000000e+00   4.2248119e+00   5.4833300e+00   2.4832079e+00   1.4911305e+03   1.6372396e+03  -1.3010794e+01   5.6140747e+02   1.2574372e+03   5.6815953e+01   9.8244117e+00   3.5492123e-03   2.0200000e+00
   1.2161667e+02   4.0983330e+01   5.9500000e+01   4.7400080e+01  -3.2478999e+01   6.1860988e+04   1.0483315e+00   1.0990136e+02   3.2549332e+01  -1.6378372e-02   1.4835866e+01   9.9973500e+00   9.9998833e+00   1.9000000e+00   4.2248119e+00   5.4833300e+00   2.4832079e+00   1.4878910e+03   1.6331751e+03  -9.3352936e+00   5.5763047e+02   1.2542962e+03   5.6738640e+01   9.8062088e+00   3.5307618e-03   1.8400000e+00
   1.2163333e+02   4.0983330e+01   5.9900000e+01   5.0648780e+01  -3.2486662e+01   6.2042339e+04   1.0478662e+00   1.1016630e+02   3.2559495e+01  -1.6451676e-02   1.4906825e+01   9.9974000e+00   9.9998667e+00   1.9000000e+00   4.2248119e+00   5.4833300e+00   2.4832079e+00   1.4868116e+03   1.6318208e+03  -8.1106170e+00   5.5637197e+02   1.2532496e+03   5.6712879e+01   9.8001436e+00   3.5246141e-03   1.7800240e+00
   1.2165000e+02   4.0933330e+01   6.7000000e+01   4.5349430e+01  -3.2450330e+01   6.2156929e+04   1.0441321e+00   1.1115431e+02   3.2519163e+01  -1.6870024e-02   1.5441292e+01   9.9974500e+00   9.9998500e+00   1.9000000e+00   4.1498119e+00   5.4333300e+00   2.4332079e+00   1.4821326e+03   1.6288137e+03  -9.9647053e+00   5.5593372e+02   1.2503139e+03   5.6675165e+01   9.7722942e+00   3.4187902e-03   1.9000120e+00
   1.2175000e+02   4.0950000e+01   7.0300000e+01   6.7700000e+01  -3.2511000e+01   6.2467608e+04   1.0424293e+00   1.1093331e+02   3.2597000e+01  -1.7195001e-02   2.2482449e+01   9.9977500e+00   9.9997500e+00   1.9000000e+00   4.2997864e+00   5.4500000e+00   2.5331909e+00   1.4768535e+03   1.6212355e+03  -1.5870000e+00   5.4810600e+02   1.2446615e+03   5.6620117e+01   9.7431500e+00   3.4151200e-03   1.4800000e+00
   1.2175000e+02   4.1116670e+01   7.6600000e+01   9.6200570e+01  -3.2657670e+01   6.2690513e+04   1.0533251e+00   1.0852359e+02   3.2765337e+01  -1.6044977e-02   2.0937535e+01   9.9977500e+00   9.9997500e+00   1.9000000e+00   4.5497914e+00   5.6166700e+00   2.6998609e+00   1.4888504e+03   1.6267423e+03   8.6782053e+00   5.4536928e+02   1.2509566e+03   5.6659908e+01   9.8157532e+00   3.7473683e-03   8.7998801e-01
   1.2175000e+02   4.1066670e+01   6.2400000e+01   8.7650570e+01  -3.2613670e+01   6.2623643e+04   1.0500564e+00   1.0924649e+02   3.2714837e+01  -1.6389977e-02   2.1401000e+01   9.9977500e+00   9.9997500e+00   1.9000000e+00   4.4747914e+00   5.5666700e+00   2.6498609e+00   1.4852514e+03   1.6250903e+03   5.5987053e+00   5.4619028e+02   1.2490681e+03   5.6647971e+01   9.7939727e+00   3.6476958e-03   1.0599880e+00
   1.2176667e+02   4.1150000e+01   6.2400000e+01   1.0515065e+02  -3.2694668e+01   6.2756446e+04   1.0550385e+00   1.0799261e+02   3.2809169e+01  -1.5888348e-02   2.2054143e+01   9.9978000e+00   9.9997333e+00   1.9000000e+00   4.6247914e+00   5.6500000e+00   2.7498609e+00   1.4901695e+03   1.6264884e+03   1.1956412e+01   5.4356275e+02   1.2511683e+03   5.6661217e+01   9.8242032e+00   3.8076586e-03   6.9998801e-01
   1.2178333e+02   4.1000000e+01   7.5800000e+01   8.2749350e+01  -3.2570332e+01   6.2577181e+04   1.0447673e+00   1.1011225e+02   3.2667831e+01  -1.6996653e-02   2.4869236e+01   9.9978500e+00   9.9997167e+00   1.9000000e+00   4.4247814e+00   5.5000000e+00   2.6165209e+00   1.4782930e+03   1.6201781e+03   3.9425883e+00   5.4476725e+02   1.2444562e+03   5.6618762e+01   9.7527964e+00   3.5024934e-03   1.1800120e+00
   1.2178333e+02   4.1166670e+01   6.2800000e+01   1.1124992e+02  -3.2717001e+01   6.2800085e+04   1.0556630e+00   1.0770254e+02   3.2836168e+01  -1.5846629e-02   2.3324322e+01   9.9978500e+00   9.9997167e+00   1.9000000e+00   4.6747864e+00   5.6666700e+00   2.7831909e+00   1.4902900e+03   1.6256849e+03   1.4207794e+01   5.4203053e+02   1.2507513e+03   5.6658553e+01   9.8253997e+00   3.8347417e-03   5.8000001e-01
   1.2178333e+02   4.1183330e+01   8.3300000e+01   1.1409878e+02  -3.2731662e+01   6.2822366e+04   1.0567521e+00   1.0746167e+02   3.2852995e+01  -1.5731675e-02   2.3169895e+01   9.9978500e+00   9.9997167e+00   1.9000000e+00   4.6997764e+00   5.6833300e+00   2.7998509e+00   1.4914891e+03   1.6262353e+03   1.5233883e+01   5.4175697e+02   1.2513806e+03   5.6662531e+01   9.8326569e+00   3.8679526e-03   5.2002401e-01
   1.2180000e+02   4.1016670e+01   4.9400000e+01   8.8850570e+01  -3.2592670e+01   6.2620833e+04   1.0453915e+00   1.0982214e+02   3.2694837e+01  -1.6954977e-02   2.6140270e+01   9.9979000e+00   9.9997000e+00   1.9000000e+00   4.4747914e+00   5.5166700e+00   2.6498609e+00   1.4784129e+03   1.6193738e+03   6.1947053e+00   5.4323428e+02   1.2440386e+03   5.6616093e+01   9.7539892e+00   3.5295728e-03   1.0599880e+00
   1.2180000e+02   4.1150000e+01   7.4900000e+01   1.1165000e+02  -3.2710000e+01   6.2799148e+04   1.0541077e+00   1.0789446e+02   3.2829500e+01  -1.6035000e-02   2.4904394e+01   9.9979000e+00   9.9997000e+00   1.9000000e+00   4.6747864e+00   5.6500000e+00   2.7831909e+00   1.4880100e+03   1.6237790e+03   1.4406500e+01   5.4104500e+02   1.2490745e+03   5.6647925e+01   9.8120692e+00   3.7953595e-03   5.8000001e-01
   1.2181667e+02   3.9516670e+01   4.0900000e+01   1.0800040e+01  -3.3135662e+01   6.1065129e+04   9.4686614e-01   1.3127090e+02   3.3157996e+01  -2.2994978e-02  -1.0293412e+02   1.0003600e+01   9.9933334e+00   1.9000000e+00   2.1665309e+00   5.0000000e+00   1.0850457e+00   1.3674032e+03   1.5744403e+03   4.3647624e+01   5.8032403e+02   1.1432258e+03   5.6190662e+01   9.5998729e+00   2.4805158e-03   2.3167900e-01
   1.2181667e+02   4.1133330e+01   5.6100000e+01   1.1205008e+02  -3.2702999e+01   6.2798212e+04   1.0525525e+00   1.0808638e+02   3.2822832e+01  -1.6223371e-02   2.6484467e+01   9.9979500e+00   9.9996833e+00   1.9000000e+00   4.6747864e+00   5.6333300e+00   2.7831909e+00   1.4857300e+03   1.6218731e+03   1.4605206e+01   5.4005947e+02   1.2473977e+03   5.6637297e+01   9.7987387e+00   3.7559773e-03   5.8000001e-01
   1.2183333e+02   4.1150000e+01   4.8600000e+01   1.1814935e+02  -3.2725332e+01   6.2841851e+04   1.0531770e+00   1.0779630e+02   3.2849831e+01  -1.6181652e-02   2.7754646e+01   9.9980000e+00   9.9996667e+00   1.9000000e+00   4.7247814e+00   5.6500000e+00   2.8165209e+00   1.4858505e+03   1.6210696e+03   1.6856588e+01   5.3852725e+02   1.2469807e+03   5.6634633e+01   9.7999351e+00   3.7830604e-03   4.6001201e-01
   1.2186667e+02   4.1150000e+01   6.7400000e+01   1.1976634e+02  -3.2725499e+01   6.2884566e+04   1.0522460e+00   1.0769811e+02   3.2850831e+01  -1.6356687e-02   3.0605753e+01   9.9981000e+00   9.9996333e+00   1.9000000e+00   4.7747914e+00   5.6500000e+00   2.8498609e+00   1.4837583e+03   1.6184074e+03   1.7142145e+01   5.3598074e+02   1.2445724e+03   5.6621336e+01   9.7908646e+00   3.7756036e-03   4.1667001e-01
   1.2186667e+02   4.1166670e+01   6.4900000e+01   1.1773260e+02  -3.2724998e+01   6.2906860e+04   1.0533357e+00   1.0745710e+02   3.2848331e+01  -1.6270003e-02   3.0451233e+01   9.9981000e+00   9.9996333e+00   1.9000000e+00   4.7997964e+00   5.6666700e+00   2.8665309e+00   1.4850261e+03   1.6190062e+03   1.6003584e+01   5.3567902e+02   1.2448881e+03   5.6625316e+01   9.8011935e+00   3.8136804e-03   4.3334000e-01
   1.2186667e+02   4.1233330e+01   7.4500000e+01   1.0960008e+02  -3.2722999e+01   6.2996011e+04   1.0576935e+00   1.0649333e+02   3.2838332e+01  -1.5923371e-02   2.9833342e+01   9.9981000e+00   9.9996333e+00   1.9000000e+00   4.8997864e+00   5.7333300e+00   2.9331909e+00   1.4900955e+03   1.6214006e+03   1.1450706e+01   5.3447247e+02   1.2461507e+03   5.6641231e+01   9.8424967e+00   3.9659418e-03   5.0000000e-01
   1.2188333e+02   4.1133330e+01   9.3800000e+01   1.2016740e+02  -3.2718502e+01   6.2883616e+04   1.0506910e+00   1.0789007e+02   3.2844169e+01  -1.6544997e-02   3.2184970e+01   9.9981500e+00   9.9996167e+00   1.9000000e+00   4.7747764e+00   5.6333300e+00   2.8498509e+00   1.4814789e+03   1.6165023e+03   1.7341416e+01   5.3499598e+02   1.2428964e+03   5.6610712e+01   9.7775360e+00   3.7362221e-03   4.1666001e-01
   1.2188333e+02   4.1133330e+01   5.7800000e+01   1.2016740e+02  -3.2718502e+01   6.2883616e+04   1.0506910e+00   1.0789007e+02   3.2844169e+01  -1.6544997e-02   3.2184970e+01   9.9981500e+00   9.9996167e+00   1.9000000e+00   4.7747764e+00   5.6333300e+00   2.8498509e+00   1.4814789e+03   1.6165023e+03   1.7341416e+01   5.3499598e+02   1.2428964e+03   5.6610712e+01   9.7775360e+00   3.7362221e-03   4.1666001e-01
   1.2188333e+02   4.1166670e+01   7.1600000e+01   1.1609992e+02  -3.2717501e+01   6.2928205e+04   1.0528705e+00   1.0740804e+02   3.2839168e+01  -1.6371629e-02   3.1875932e+01   9.9981500e+00   9.9996167e+00   1.9000000e+00   4.8247864e+00   5.6666700e+00   2.8831909e+00   1.4840145e+03   1.6176999e+03   1.5064294e+01   5.3439253e+02   1.2435278e+03   5.6618672e+01   9.7981937e+00   3.8123757e-03   4.5000000e-01
   1.2188333e+02   4.1166670e+01   7.2400000e+01   1.1609992e+02  -3.2717501e+01   6.2928205e+04   1.0528705e+00   1.0740804e+02   3.2839168e+01  -1.6371629e-02   3.1875932e+01   9.9981500e+00   9.9996167e+00   1.9000000e+00   4.8247864e+00   5.6666700e+00   2.8831909e+00   1.4840145e+03   1.6176999e+03   1.5064294e+01   5.3439253e+02   1.2435278e+03   5.6618672e+01   9.7981937e+00   3.8123757e-03   4.5000000e-01
   1.2196667e+02   4.1250000e+01   8.3300000e+01   9.7766340e+01  -3.2677499e+01   6.2690183e+04   1.0559908e+00   1.0648699e+02   3.2780832e+01  -1.6446687e-02   3.2645016e+01   9.9984000e+00   9.9995333e+00   1.9000000e+00   5.0000000e+00   5.7500000e+00   3.0000000e+00   1.4852913e+03   1.6141584e+03   4.6741454e+00   5.2644874e+02   1.2383014e+03   5.6625215e+01   9.8348195e+00   3.9961876e-03   6.1667000e-01
   1.2201667e+02   4.1116670e+01   6.5300000e+01   1.0913260e+02  -3.2658998e+01   6.3032170e+04   1.0444975e+00   1.0773825e+02   3.2773331e+01  -1.7445003e-02   4.3742113e+01   9.9985500e+00   9.9994833e+00   1.9000000e+00   4.9497964e+00   5.6166700e+00   2.9665309e+00   1.4721156e+03   1.6054487e+03   1.0961584e+01   5.2500102e+02   1.2316936e+03   5.6553558e+01   9.7432040e+00   3.6877264e-03   5.3334000e-01
   1.2201667e+02   4.1300000e+01   8.0400000e+01   8.6766340e+01  -3.2653498e+01   6.1906083e+04   1.0564824e+00   1.0667814e+02   3.2745832e+01  -1.6491687e-02   2.5255366e+01   9.9985500e+00   9.9994833e+00   1.9000000e+00   5.0000000e+00   5.8000000e+00   3.0000000e+00   1.4860578e+03   1.6120339e+03  -1.5598546e+00   5.2168274e+02   1.2351659e+03   5.6657093e+01   9.8567969e+00   4.1064796e-03   7.1667000e-01
   1.2203333e+02   4.1000000e+01   7.4500000e+01   1.2173366e+02  -3.2655001e+01   6.2897480e+04   1.0350252e+00   1.0937600e+02   3.2781668e+01  -1.8153314e-02   4.6248261e+01   9.9986000e+00   9.9994667e+00   1.9000000e+00   4.7997814e+00   5.5000000e+00   2.8665209e+00   1.4622312e+03   1.5999516e+03   1.7990855e+01   5.2582626e+02   1.2281236e+03   5.6519059e+01   9.6679145e+00   3.4199299e-03   4.3333001e-01
   1.2208333e+02   4.1200000e+01   6.2800000e+01   9.2433660e+01  -3.2626501e+01   6.2162819e+04   1.0425620e+00   1.0757379e+02   3.2724168e+01  -1.7418313e-02   3.5617543e+01   9.9987500e+00   9.9994167e+00   1.9000000e+00   5.0000000e+00   5.7000000e+00   3.0000000e+00   1.4744052e+03   1.6032151e+03   1.5118546e+00   5.1834526e+02   1.2278291e+03   5.6593337e+01   9.7828332e+00   3.8728444e-03   6.8333000e-01
   1.2208333e+02   4.1300000e+01   7.7000000e+01   8.0233660e+01  -3.2623501e+01   6.1381529e+04   1.0490993e+00   1.0718929e+02   3.2709169e+01  -1.6898313e-02   2.3488623e+01   9.9987500e+00   9.9994167e+00   1.9000000e+00   5.0000000e+00   5.8000000e+00   3.0000000e+00   1.4820102e+03   1.6068071e+03  -5.3181454e+00   5.1653526e+02   1.2297231e+03   5.6657093e+01   9.8447941e+00   4.1012594e-03   7.8332999e-01
   1.2210000e+02   3.9366670e+01   4.9000000e+01   1.7600290e+01  -3.3299995e+01   6.4016447e+04   9.2086491e-01   1.3179493e+02   3.3320662e+01  -2.2126675e-02  -7.5216369e+02   1.0002600e+01   9.9960000e+00   1.9000000e+00   2.2998609e+00   5.0000000e+00   1.0443035e+00   1.3381702e+03   1.5474107e+03   6.7594528e+01   5.6620258e+02   1.1146396e+03   5.5825693e+01   9.5471107e+00   2.0849891e-03   3.1332900e-01
   1.2213333e+02   4.1183330e+01   4.3500000e+01   8.9567400e+01  -3.2604502e+01   6.1899605e+04   1.0359343e+00   1.0802128e+02   3.2699169e+01  -1.7809997e-02   3.6314244e+01   9.9989000e+00   9.9993667e+00   1.9000000e+00   5.0000000e+00   5.6833300e+00   3.0000000e+00   1.4701014e+03   1.5986958e+03  -1.6858440e-01   5.1478598e+02   1.2234309e+03   5.6582709e+01   9.7635013e+00   3.8308521e-03   7.1666000e-01
   1.2220000e+02   4.0966670e+01   6.4500000e+01   1.0946626e+02  -3.2581000e+01   6.3066442e+04   1.0143864e+00   1.0936704e+02   3.2695000e+01  -1.9343317e-02   6.0810175e+01   9.9991000e+00   9.9993000e+00   1.9000000e+00   4.9997914e+00   5.4666700e+00   2.9998609e+00   1.4495763e+03   1.5856858e+03   1.0870439e+01   5.1355927e+02   1.2138837e+03   5.6444633e+01   9.6172522e+00   3.3307473e-03   5.6667000e-01
   1.2220000e+02   4.1366670e+01   6.6200000e+01   6.0666260e+01  -3.2569000e+01   5.9942555e+04   1.0405357e+00   1.0782757e+02   3.2634999e+01  -1.7263316e-02   1.2310074e+01   9.9991000e+00   9.9993000e+00   1.9000000e+00   5.0000000e+00   5.8666700e+00   3.0000000e+00   1.4799963e+03   1.6000538e+03  -1.6449561e+01   5.0631927e+02   1.2214597e+03   5.6699598e+01   9.8650958e+00   4.2444073e-03   9.6666999e-01
   1.2225000e+02   4.1083330e+01   6.7000000e+01   9.0333740e+01  -3.2555000e+01   6.1762806e+04   1.0164749e+00   1.0930041e+02   3.2650001e+01  -1.9041684e-02   4.5350965e+01   9.9992500e+00   9.9992500e+00   1.9000000e+00   5.0000000e+00   5.5833300e+00   3.0000000e+00   1.4554122e+03   1.5859557e+03   8.3561000e-02   5.0758673e+02   1.2120108e+03   5.6518954e+01   9.6805328e+00   3.5933007e-03   7.3333000e-01
   1.2225000e+02   4.1366670e+01   7.4500000e+01   5.5766260e+01  -3.2546500e+01   5.9549100e+04   1.0349978e+00   1.0821097e+02   3.2607500e+01  -1.7568316e-02   1.0984884e+01   9.9992500e+00   9.9992500e+00   1.9000000e+00   5.0000000e+00   5.8666700e+00   3.0000000e+00   1.4769603e+03   1.5961333e+03  -1.9268561e+01   5.0245827e+02   1.2173772e+03   5.6699598e+01   9.8560928e+00   4.2404918e-03   1.0166700e+00
   1.2226667e+02   4.1016670e+01   4.9000000e+01   9.6832600e+01  -3.2549498e+01   6.2152436e+04   1.0102708e+00   1.0968454e+02   3.2650831e+01  -1.9490003e-02   5.2994285e+01   9.9993000e+00   9.9992333e+00   1.9000000e+00   5.0000000e+00   5.5166700e+00   3.0000000e+00   1.4493306e+03   1.5822542e+03   3.6965844e+00   5.0750602e+02   1.2093871e+03   5.6476455e+01   9.6362280e+00   3.4397339e-03   6.8334000e-01
   1.2255000e+02   4.1216670e+01   6.4500000e+01   5.6516260e+01  -3.2412500e+01   5.8360304e+04   9.9196455e-01   1.1108812e+02   3.2473000e+01  -1.9978316e-02   2.1227124e+01   1.0000000e+01   9.9990000e+00   1.9000000e+00   5.0000000e+00   5.7166700e+00   3.0000000e+00   1.4472763e+03   1.5671113e+03  -1.9611561e+01   4.8223227e+02   1.1899307e+03   5.6603965e+01   9.7299925e+00   3.8750533e-03   1.0969200e+00
   1.2270000e+02   4.0700000e+01   1.0430000e+02   1.4040000e+02  -3.2350000e+01   6.1428670e+04   9.4157452e-01   1.1385221e+02   3.2492000e+01  -2.2980000e-02   7.7089198e+01   1.0000000e+01   9.9990000e+00   1.9000000e+00   5.0000000e+00   5.2000000e+00   3.0000000e+00   1.3986940e+03   1.5364580e+03   2.6198000e+01   4.8067600e+02   1.1675660e+03   5.6248872e+01   9.4454277e+00   2.6851860e-03   5.2100000e-01
   1.2278333e+02   4.1400000e+01   6.8700000e+01   6.6032880e+01  -3.2360834e+01   5.6016112e+04   9.7810638e-01   1.1118389e+02   3.2429667e+01  -2.0174981e-02  -1.5929178e+01   1.0000000e+01   9.9990000e+00   1.9000000e+00   5.0000000e+00   5.7166700e+00   3.0000000e+00   1.4475347e+03   1.5554533e+03  -1.5902898e+01   4.6149158e+02   1.1743291e+03   5.6631045e+01   9.8592175e+00   4.2309619e-03   1.0588370e+00
   1.2288333e+02   4.0533330e+01   8.0100000e+01   1.8621661e+02  -3.2259669e+01   6.2455117e+04   9.1037359e-01   1.1384773e+02   3.2445502e+01  -2.4231677e-02   7.6877660e+01   1.0000000e+01   9.9990000e+00   1.9000000e+00   5.0000000e+00   5.0333300e+00   3.0000000e+00   1.3746651e+03   1.5156893e+03   5.0440327e+01   4.7036097e+02   1.1490352e+03   5.6001238e+01   9.3856293e+00   2.2926124e-03   2.8191465e-01
   1.2290000e+02   4.1533330e+01   5.3600000e+01   7.3366270e+01  -3.2367002e+01   5.7276612e+04   9.7390052e-01   1.1345545e+02   3.2443002e+01  -2.0699998e-02  -2.1350113e+01   1.0050128e+01   1.0065693e+01   1.9000000e+00   5.0000000e+00   5.6000000e+00   2.9335841e+00   1.4514944e+03   1.5517332e+03  -1.2490889e+01   4.5081598e+02   1.1679776e+03   5.6629162e+01   9.9159292e+00   4.4815457e-03   9.3333599e-01
   1.2320000e+02   4.0966670e+01   9.0500000e+01   1.7686625e+02  -3.2150335e+01   5.8593204e+04   9.0362886e-01   1.1106686e+02   3.2325334e+01  -2.3243327e-02  -1.0965482e+01   1.0000000e+01   9.9990000e+00   1.9000000e+00   5.0000000e+00   5.3000000e+00   3.0000000e+00   1.3887059e+03   1.5062401e+03   4.2931103e+01   4.3907593e+02   1.1311351e+03   5.6033318e+01   9.6931320e+00   3.2185211e-03   4.7266764e-01
   1.2321667e+02   4.0816670e+01   4.7100000e+01   1.9788337e+02  -3.2091501e+01   5.9740067e+04   8.9197654e-01   1.1158493e+02   3.2286668e+01  -2.3578346e-02   5.3705102e+00   1.0000000e+01   9.9990000e+00   1.9000000e+00   5.0000000e+00   5.2833300e+00   3.0000000e+00   1.3757087e+03   1.4990934e+03   5.4444001e+01   4.4090935e+02   1.1265375e+03   5.5924830e+01   9.6330131e+00   2.9095327e-03   4.1008064e-01
   1.2322750e+02   4.1491940e+01   5.9900000e+01   1.1494750e+02  -3.2346912e+01   6.0529224e+04   9.3492164e-01   1.1953770e+02   3.2462454e+01  -2.2559646e-02  -3.8643273e+01   1.0000000e+01   9.9990000e+00   1.9000000e+00   5.0000000e+00   5.2725000e+00   3.0000000e+00   1.4292602e+03   1.5246096e+03   8.5749624e+00   4.2619787e+02   1.1402645e+03   5.6351849e+01   9.9054252e+00   4.2726162e-03   5.9737230e-01
   1.2323333e+02   4.1493890e+01   6.2400000e+01   1.1549663e+02  -3.2347012e+01   6.0590833e+04   9.3440340e-01   1.1965873e+02   3.2463078e+01  -2.2589757e-02  -3.8978975e+01   1.0000000e+01   9.9990000e+00   1.9000000e+00   5.0000000e+00   5.2666700e+00   3.0000000e+00   1.4290800e+03   1.5242338e+03   8.8449364e+00   4.2571933e+02   1.1398334e+03   5.6348665e+01   9.9063313e+00   4.2746671e-03   5.9153455e-01
   1.2341667e+02   4.1416670e+01   6.8500000e+01   1.5008337e+02  -3.2297501e+01   6.2086167e+04   9.0904899e-01   1.2134333e+02   3.2446668e+01  -2.3758347e-02  -4.2533488e+01   1.0000000e+01   9.9990000e+00   1.9000000e+00   5.0000000e+00   5.0833300e+00   3.0000000e+00   1.4122967e+03   1.5070074e+03   2.6900001e+01   4.1352135e+02   1.1232815e+03   5.6158983e+01   9.8789815e+00   4.0587807e-03   3.6708066e-01
   1.2350000e+02   4.1133330e+01   7.1200000e+01   1.9683375e+02  -3.2180665e+01   6.1973596e+04   8.8129672e-01   1.1830766e+02   3.2374666e+01  -2.4686672e-02  -3.1601820e+01   1.0000000e+01   9.9990000e+00   1.9000000e+00   5.0000000e+00   5.0000000e+00   3.0000000e+00   1.3847521e+03   1.4894889e+03   5.2244897e+01   4.1308607e+02   1.1103889e+03   5.5912325e+01   9.7664886e+00   3.4582669e-03   1.9183236e-01
   1.2358333e+02   4.1616670e+01   4.7100000e+01   1.6993212e+02  -3.2295000e+01   6.3348250e+04   9.0366480e-01   1.2141564e+02   3.2465832e+01  -2.3203338e-02  -3.8139647e+01   1.0425545e+01   1.0399200e+01   1.9000000e+00   5.0000000e+00   5.0000000e+00   2.7669041e+00   1.4194563e+03   1.5027867e+03   3.1712932e+01   4.0020876e+02   1.1153317e+03   5.6164307e+01   9.9668115e+00   4.4430918e-03   3.1041866e-01
   1.2360000e+02   4.0633330e+01   4.9300000e+01   2.5613375e+02  -3.1920665e+01   6.1327965e+04   8.5086804e-01   1.1221496e+02   3.2171666e+01  -2.5426671e-02  -1.0397310e+01   1.0300100e+01   1.0199100e+01   1.9000000e+00   5.0000000e+00   5.0000000e+00   3.0000000e+00   1.3387721e+03   1.4619909e+03   9.3064897e+01   4.1659007e+02   1.0912149e+03   5.5512924e+01   9.5554895e+00   2.4678809e-03   4.4332352e-02
   1.2360000e+02   4.0816670e+01   3.2100000e+01   2.3321625e+02  -3.1990335e+01   6.1913058e+04   8.5853960e-01   1.1502245e+02   3.2219334e+01  -2.5133327e-02  -1.9664088e+01   1.0300100e+01   1.0199100e+01   1.9000000e+00   5.0000000e+00   5.0000000e+00   3.0000000e+00   1.3534814e+03   1.4691466e+03   8.0407103e+01   4.1281693e+02   1.0951806e+03   5.5631422e+01   9.6293905e+00   2.8389226e-03   9.8417654e-02
   1.2361667e+02   4.1483330e+01   4.5500000e+01   1.8325031e+02  -3.2292996e+01   6.4198939e+04   8.9125528e-01   1.2549170e+02   3.2476497e+01  -2.3586670e-02  -5.4037966e+01   1.0350127e+01   1.0232457e+01   1.9000000e+00   5.0000000e+00   5.0000000e+00   3.0000000e+00   1.4064169e+03   1.4941706e+03   3.5631107e+01   3.9755184e+02   1.1085080e+03   5.6049595e+01   9.8960798e+00   4.1379860e-03   2.6558236e-01
   1.2361667e+02   4.1483330e+01   4.7000000e+01   1.8325031e+02  -3.2292996e+01   6.4198939e+04   8.9125528e-01   1.2549170e+02   3.2476497e+01  -2.3586670e-02  -5.4037966e+01   1.0350127e+01   1.0232457e+01   1.9000000e+00   5.0000000e+00   5.0000000e+00   3.0000000e+00   1.4064169e+03   1.4941706e+03   3.5631107e+01   3.9755184e+02   1.1085080e+03   5.6049595e+01   9.8960798e+00   4.1379860e-03   2.6558236e-01
   1.2367222e+02   4.0733330e+01   6.5100000e+01   2.4132271e+02  -3.1908111e+01   6.2322698e+04   8.5045213e-01   1.1478671e+02   3.2144945e+01  -2.5223339e-02  -1.7901303e+01   1.0516832e+01   1.0343612e+01   1.9000000e+00   5.0000000e+00   5.0000000e+00   2.9889340e+00   1.3425594e+03   1.4601285e+03   9.0710757e+01   4.0963122e+02   1.0873411e+03   5.5518308e+01   9.5889670e+00   2.6857937e-03   7.3832353e-02
   1.2380000e+02   4.1400000e+01   4.6700000e+01   2.2170000e+02  -3.2194000e+01   6.5684833e+04   8.7020853e-01   1.2431864e+02   3.2417000e+01  -2.3140000e-02  -4.0304421e+01   1.0900300e+01   1.0599300e+01   1.9000000e+00   5.0000000e+00   5.0000000e+00   2.7333740e+00   1.3894060e+03   1.4766180e+03   5.3134000e+01   3.8641200e+02   1.0916820e+03   5.5780398e+01   9.8446987e+00   3.9550740e-03   2.1150001e-01
   1.2386667e+02   4.0483330e+01   5.3300000e+01   2.6018241e+02  -3.1672496e+01   6.3179650e+04   8.2760528e-01   1.1126406e+02   3.1927661e+01  -2.5486665e-02  -5.3601992e+01   1.1050317e+01   1.0716037e+01   1.9000000e+00   5.0000000e+00   5.0000000e+00   2.6224234e+00   1.3110985e+03   1.4349211e+03   1.2021877e+02   4.0193775e+02   1.0658252e+03   5.5069648e+01   9.4751956e+00   2.2460745e-03   9.9176502e-03
   1.2403333e+02   4.0483330e+01   7.6300000e+01   2.5484929e+02  -3.1555833e+01   6.4446633e+04   8.1698943e-01   1.1119172e+02   3.1805999e+01  -2.5386670e-02  -4.5680463e+01   1.1550463e+01   1.1049523e+01   1.9000000e+00   5.0000000e+00   5.0000000e+00   2.2891034e+00   1.3013239e+03   1.4216167e+03   1.3071835e+02   3.9062820e+02   1.0518941e+03   5.4816375e+01   9.4594326e+00   2.2819214e-03   9.9176502e-03
   1.2405000e+02   4.0483330e+01   4.6800000e+01   2.5431585e+02  -3.1544165e+01   6.4573362e+04   8.1592759e-01   1.1118449e+02   3.1793830e+01  -2.5376668e-02  -4.4888120e+01   1.1600490e+01   1.1082880e+01   1.9000000e+00   5.0000000e+00   5.0000000e+00   2.2557634e+00   1.3003462e+03   1.4202859e+03   1.3176856e+02   3.8949697e+02   1.0505006e+03   5.4791042e+01   9.4578559e+00   2.2855070e-03   9.9176502e-03
   1.2438750e+02   4.6633330e+01   6.9500000e+01   1.3982493e+02  -3.2977998e+01   5.3665656e+04   1.2199878e+00   9.3944375e+01   3.3122915e+01  -2.4534566e-02   1.4848201e+01   1.1113837e+01   1.1112500e+01   1.8111250e+00   4.8518039e+00   6.0000000e+00   3.0000000e+00   1.7370555e+03   1.7482347e+03   4.2406437e+02   4.2976170e+02   1.0039207e+03   5.9018760e+01   1.4749009e+01   3.6755300e-02   3.4345860e+00
   1.2440000e+02   4.0250000e+01   7.4200000e+01   1.8595000e+02  -3.1147500e+01   6.8942419e+04   7.8387010e-01   1.1287854e+02   3.1333000e+01  -2.5260000e-02  -8.1653558e+02   1.1950150e+01   1.1549900e+01   1.9000000e+00   5.0000000e+00   5.0000000e+00   1.8668701e+00   1.2611150e+03   1.3842605e+03   1.6989500e+02   3.7554350e+02   1.0182365e+03   5.4225442e+01   9.4061516e+00   2.2301610e-03   7.8750003e-02
   1.2451667e+02   4.2033330e+01   4.2500000e+01   3.6315083e+02  -3.1495170e+01   7.2025269e+04   8.7079970e-01   1.1136270e+02   3.1864838e+01  -1.7088343e-02   5.6677039e+01   1.2998867e+01   1.2000000e+01   1.9000000e+00   5.0000000e+00   5.0000000e+00   1.3000340e+00   1.4042240e+03   1.4524439e+03   7.1725362e+01   3.3574026e+02   1.0553908e+03   5.5735593e+01   1.0005413e+01   4.9229296e-03   5.0000000e-03
   1.2457500e+02   4.6158330e+01   9.5000000e+01   1.3528332e+02  -3.2520247e+01   5.4452265e+04   1.2417338e+00   1.0007045e+02   3.2658330e+01  -2.0999140e-02   6.9083693e+00   1.1343353e+01   1.1512505e+01   1.9000000e+00   4.9541565e+00   6.0000000e+00   3.0000000e+00   1.7115779e+03   1.7031652e+03   3.9620480e+02   4.1748722e+02   1.0556284e+03   5.8525951e+01   1.3485064e+01   2.5730754e-02   4.2308390e+00
   1.2472500e+02   4.6025000e+01   8.0800000e+01   1.3805000e+02  -3.2385250e+01   5.3783959e+04   1.2400853e+00   1.0253459e+02   3.2525000e+01  -2.0162501e-02   4.6270369e+00   1.1476950e+01   1.1712500e+01   1.9000000e+00   5.0000000e+00   6.0000000e+00   3.0000000e+00   1.6970620e+03   1.6846488e+03   3.9040600e+02   4.1136975e+02   1.0700010e+03   5.8314464e+01   1.3304918e+01   2.3258343e-02   4.1575000e+00
   1.2485833e+02   4.6458330e+01   8.4200000e+01   1.4398322e+02  -3.2494920e+01   5.1851375e+04   1.1960121e+00   9.9567077e+01   3.2641670e+01  -2.3999134e-02   1.4656199e+01   1.1042753e+01   1.1062505e+01   1.9000000e+00   5.0000000e+00   6.0000000e+00   3.0000000e+00   1.6973752e+03   1.7085779e+03   3.8941336e+02   4.1141998e+02   1.0214095e+03   5.8526076e+01   1.3569102e+01   2.5437136e-02   3.6925010e+00
   1.2496667e+02   4.5900000e+01   7.5400000e+01   1.4286674e+02  -3.2256667e+01   5.1073455e+04   1.2142346e+00   1.0550918e+02   3.2400000e+01  -1.9560007e-02  -4.7978907e-01   1.1602200e+01   1.1900000e+01   1.9000000e+00   5.0000000e+00   6.0000000e+00   3.0000000e+00   1.6757011e+03   1.6612065e+03   3.8638205e+02   4.0224655e+02   1.0831827e+03   5.8054686e+01   1.3069019e+01   2.0407142e-02   3.8866600e+00
   1.2500000e+02   4.0800000e+01   5.0800000e+01   3.8520000e+02  -3.1367000e+01   7.1051127e+04   7.6866533e-01   1.0818517e+02   3.1756000e+01  -2.5360000e-02  -2.2229382e+01   1.3001000e+01   1.2000000e+01   1.9000000e+00   5.0000000e+00   5.0000000e+00   1.0000000e+00   1.2731950e+03   1.3582090e+03   1.7134300e+02   3.2105400e+02   9.7888200e+02   5.4045528e+01   9.5473540e+00   3.2311860e-03   5.0000000e-03
   1.2550000e+02   4.1183330e+01   6.6500000e+01   4.8614957e+02  -3.1637996e+01   7.3841004e+04   7.7490577e-01   1.0444850e+02   3.2126829e+01  -2.1951703e-02  -2.5135165e+02   1.3001000e+01   1.2000000e+01   1.9000000e+00   5.0000000e+00   5.0000000e+00   1.0000000e+00   1.2792347e+03   1.3374900e+03   1.8065104e+02   2.7714827e+02   9.4904741e+02   5.4265348e+01   9.6555869e+00   3.6435972e-03   5.0000000e-03
   1.2582500e+02   4.5775000e+01   4.5200000e+01   1.5520000e+02  -3.1623000e+01   4.7993384e+04   1.1352204e+00   1.1279856e+02   3.1775750e+01  -1.9417501e-02  -1.0580462e+01   1.2049850e+01   1.1925000e+01   1.9000000e+00   5.0000000e+00   6.0000000e+00   3.0000000e+00   1.6078027e+03   1.6023357e+03   3.3909450e+02   3.7734175e+02   1.0900093e+03   5.7361114e+01   1.2531904e+01   1.3077292e-02   3.0775000e+00
   1.2635000e+02   4.5966670e+01   8.0400000e+01   1.5578335e+02  -3.1477336e+01   5.7529522e+04   1.0762896e+00   1.1035230e+02   3.1632002e+01  -2.1663370e-02  -6.3035664e+00   1.2380813e+01   1.1850000e+01   1.9000000e+00   5.0000000e+00   6.0000000e+00   3.0000000e+00   1.5732966e+03   1.5873583e+03   2.9467438e+02   3.6988105e+02   1.0650857e+03   5.7129367e+01   1.2283265e+01   1.2371669e-02   2.4900010e+00
   1.2360000e+02   4.0750000e+01   6.6100000e+01   2.4155000e+02  -3.1965000e+01   6.1700294e+04   8.5574990e-01   1.1400153e+02   3.2202000e+01  -2.5239999e-02  -1.6294304e+01   1.0300100e+01   1.0199100e+01   1.9000000e+00   5.0000000e+00   5.0000000e+00   3.0000000e+00   1.3481325e+03   1.4665445e+03   8.5010000e+01   4.1418900e+02   1.0937385e+03   5.5588331e+01   9.6025170e+00   2.7039965e-03   7.8750003e-02
   1.2360000e+02   4.0750000e+01   7.0300000e+01   2.4155000e+02  -3.1965000e+01   6.1700294e+04   8.5574990e-01   1.1400153e+02   3.2202000e+01  -2.5239999e-02  -1.6294304e+01   1.0300100e+01   1.0199100e+01   1.9000000e+00   5.0000000e+00   5.0000000e+00   3.0000000e+00   1.3481325e+03   1.4665445e+03   8.5010000e+01   4.1418900e+02   1.0937385e+03   5.5588331e+01   9.6025170e+00   2.7039965e-03   7.8750003e-02
   1.2313333e+02   4.1100000e+01   1.0500000e+02   1.5113288e+02  -3.2208334e+01   5.8383792e+04   9.1972928e-01   1.1206329e+02   3.2358667e+01  -2.2649981e-02  -1.5002512e+01   1.0000000e+01   9.9990000e+00   1.9000000e+00   5.0000000e+00   5.3666700e+00   3.0000000e+00   1.4032532e+03   1.5166123e+03   2.9099102e+01   4.4134558e+02   1.1394306e+03   5.6170319e+01   9.7455017e+00   3.5100294e-03   5.8533699e-01
   1.2333333e+02   4.0700000e+01   4.0600000e+01   2.2833288e+02  -3.2034334e+01   6.0476141e+04   8.7142848e-01   1.1162289e+02   3.2258667e+01  -2.4429980e-02   6.5229495e+00   1.0000000e+01   9.9990000e+00   1.9000000e+00   5.0000000e+00   5.1666700e+00   3.0000000e+00   1.3596112e+03   1.4854963e+03   7.0595102e+01   4.3453758e+02   1.1145446e+03   5.5760485e+01   9.5883883e+00   2.6354874e-03   2.4733700e-01
   1.2200000e+02   3.9666670e+01   5.5700000e+01   1.4666500e+01  -3.2929996e+01   6.0608596e+04   9.5155263e-01   1.2865535e+02   3.2956663e+01  -2.1883319e-02   2.2695378e+01   1.0001667e+01   9.9966667e+00   1.9000000e+00   2.4998609e+00   5.0000000e+00   1.3331924e+00   1.3667486e+03   1.5629718e+03   4.3746422e+01   5.6455324e+02   1.1454169e+03   5.6151915e+01   9.5600399e+00   2.1430971e-03   7.8334600e-01
   1.2450000e+02   4.1466670e+01   4.8100000e+01   4.5086738e+02  -3.2197003e+01   7.7298296e+04   8.2840986e-01   1.1068369e+02   3.2659337e+01  -1.9009979e-02   1.1016570e+02   1.3001000e+01   1.2000000e+01   1.9000000e+00   5.0000000e+00   5.0000000e+00   1.3333740e+00   1.3569736e+03   1.4259075e+03   9.4164443e+01   3.3436392e+02   1.0369187e+03   5.5346135e+01   9.8018950e+00   3.8288460e-03   5.0000000e-03
   1.2450000e+02   4.1466670e+01   4.4000000e+01   4.5086738e+02  -3.2197003e+01   7.7298296e+04   8.2840986e-01   1.1068369e+02   3.2659337e+01  -1.9009979e-02   1.1016570e+02   1.3001000e+01   1.2000000e+01   1.9000000e+00   5.0000000e+00   5.0000000e+00   1.3333740e+00   1.3569736e+03   1.4259075e+03   9.4164443e+01   3.3436392e+02   1.0369187e+03   5.5346135e+01   9.8018950e+00   3.8288460e-03   5.0000000e-03
   1.2300000e+02   4.1133330e+01   6.2800000e+01   1.2883375e+02  -3.2235665e+01   5.7591906e+04   9.3667547e-01   1.1113005e+02   3.2364666e+01  -2.1836672e-02  -8.8953438e+00   1.0000000e+01   9.9990000e+00   1.9000000e+00   5.0000000e+00   5.5000000e+00   3.0000000e+00   1.4136271e+03   1.5282489e+03   1.7544897e+01   4.5068607e+02   1.1509739e+03   5.6293801e+01   9.7561903e+00   3.6208319e-03   7.4183234e-01
   1.2331667e+02   4.1466670e+01   6.9500000e+01   1.3023337e+02  -3.2327501e+01   6.1295712e+04   9.2339341e-01   1.2054518e+02   3.2457668e+01  -2.3108347e-02  -4.0993099e+01   1.0000000e+01   9.9990000e+00   1.9000000e+00   5.0000000e+00   5.1833300e+00   3.0000000e+00   1.4220832e+03   1.5167109e+03   1.6508001e+01   4.2001235e+02   1.1324800e+03   5.6267536e+01   9.8970759e+00   4.1924832e-03   4.9183066e-01
   1.2296667e+02   4.0583330e+01   7.2000000e+01   1.9170087e+02  -3.2214832e+01   6.1939129e+04   9.0441173e-01   1.1336213e+02   3.2405499e+01  -2.4146691e-02   6.1527376e+01   1.0000000e+01   9.9990000e+00   1.9000000e+00   5.0000000e+00   5.0833300e+00   3.0000000e+00   1.3733064e+03   1.5107656e+03   5.2870795e+01   4.6339548e+02   1.1429933e+03   5.5968849e+01   9.4363717e+00   2.4014220e-03   2.9899535e-01
   1.2328333e+02   4.0266670e+01   5.5700000e+01   1.7845050e+02  -3.2038669e+01   6.1722840e+04   8.5569690e-01   1.1572807e+02   3.2215169e+01  -2.4195007e-02  -9.1906737e+01   1.0000233e+01   9.9992333e+00   1.9000000e+00   4.3831909e+00   5.0000000e+00   2.5702279e+00   1.3297280e+03   1.4748739e+03   9.4938231e+01   4.5172277e+02   1.1043064e+03   5.5521101e+01   9.4433388e+00   1.9472035e-03   1.5941700e-01
   1.2248333e+02   4.1316670e+01   8.2100000e+01   3.8999920e+01  -3.2443001e+01   5.8103647e+04   1.0058861e+00   1.1019239e+02   3.2486668e+01  -1.9251629e-02   1.0865212e+01   9.9999500e+00   9.9990167e+00   1.9000000e+00   5.0000000e+00   5.8166700e+00   3.0000000e+00   1.4589900e+03   1.5760419e+03  -2.9008706e+01   4.8534553e+02   1.1973788e+03   5.6667721e+01   9.7830988e+00   4.1080122e-03   1.2000000e+00
   1.2205000e+02   3.9983330e+01   6.2400000e+01   6.3663900e+00  -3.2563002e+01   6.1559143e+04   9.6671585e-01   1.2402593e+02   3.2589002e+01  -2.0534994e-02   5.7097633e+01   9.9991667e+00   9.9999667e+00   1.9000000e+00   3.2997814e+00   5.0000000e+00   1.8665209e+00   1.3869986e+03   1.5671314e+03   2.3972868e+01   5.5250779e+02   1.1688701e+03   5.6269687e+01   9.5368359e+00   1.9896265e-03   1.8649990e+00
   1.2205000e+02   3.9983330e+01   6.8200000e+01   6.3663900e+00  -3.2563002e+01   6.1559143e+04   9.6671585e-01   1.2402593e+02   3.2589002e+01  -2.0534994e-02   5.7097633e+01   9.9991667e+00   9.9999667e+00   1.9000000e+00   3.2997814e+00   5.0000000e+00   1.8665209e+00   1.3869986e+03   1.5671314e+03   2.3972868e+01   5.5250779e+02   1.1688701e+03   5.6269687e+01   9.5368359e+00   1.9896265e-03   1.8649990e+00
   1.2196667e+02   3.9450000e+01   4.4400000e+01   1.6583540e+01  -3.3203666e+01   6.2505567e+04   9.3831895e-01   1.3139594e+02   3.3227333e+01  -2.2616660e-02  -4.1850112e+02   1.0003133e+01   9.9946667e+00   1.9000000e+00   2.2498609e+00   5.0000000e+00   1.0776346e+00   1.3528576e+03   1.5603606e+03   5.6042202e+01   5.7249929e+02   1.1291628e+03   5.6007623e+01   9.5717170e+00   2.2685212e-03   2.1833300e-01
   1.2215000e+02   4.0183330e+01   9.2000000e+01   4.2466390e+01  -3.2489002e+01   6.1954743e+04   9.6871475e-01   1.2083983e+02   3.2548002e+01  -2.1394994e-02   6.3795383e+01   9.9992667e+00   9.9996667e+00   1.9000000e+00   3.7497814e+00   5.0000000e+00   2.1665209e+00   1.3952396e+03   1.5647504e+03   1.9237868e+01   5.3733779e+02   1.1780521e+03   5.6277555e+01   9.4621355e+00   2.1144295e-03   1.5649990e+00
   1.3115000e+02   4.5133330e+01   5.6800000e+01   2.9430022e+02  -3.3698833e+01   5.9272832e+04   9.3021524e-01   1.0861400e+02   3.4000000e+01  -2.6671679e-02   8.7021611e+00   1.2997000e+01   1.2000000e+01   1.9000000e+00   5.0000000e+00   5.0000000e+00   1.9666260e+00   1.1881287e+03   1.2767444e+03   1.8133151e+02   4.3138768e+02   8.2389236e+02   5.3266449e+01   1.0285125e+01   7.5504482e-03   3.1916350e-02
   1.3098333e+02   4.5116670e+01   3.5000000e+01   3.1640020e+02  -3.3676000e+01   6.0478345e+04   9.3578334e-01   1.0679321e+02   3.4000000e+01  -2.7550004e-02  -1.7834858e+00   1.2997000e+01   1.2000000e+01   1.9000000e+00   5.0000000e+00   5.0000000e+00   1.6332860e+00   1.1998125e+03   1.2822283e+03   1.8037443e+02   4.2411852e+02   8.2983929e+02   5.3361475e+01   1.0376983e+01   7.7415789e-03   1.4500000e-02
   1.3088333e+02   4.5083330e+01   6.9900000e+01   3.3513476e+02  -3.3726012e+01   6.1346735e+04   9.3834744e-01   1.0561033e+02   3.4069014e+01  -2.8043338e-02  -7.0942668e+00   1.2997000e+01   1.2000000e+01   1.9000000e+00   5.0000000e+00   5.0000000e+00   1.4332860e+00   1.2061333e+03   1.2834550e+03   1.8246384e+02   4.1859420e+02   8.3147172e+02   5.3400816e+01   1.0426490e+01   7.7750748e-03   5.0000000e-03
   1.2415000e+02   4.0133330e+01   2.9800000e+01   1.6536585e+02  -3.1246664e+01   6.7896048e+04   7.9491265e-01   1.1391006e+02   3.1412830e+01  -2.5456668e-02  -1.2225769e+03   1.0849540e+01   1.0932980e+01   1.9000000e+00   5.0000000e+00   5.0000000e+00   2.5224301e+00   1.2664252e+03   1.4001754e+03   1.6218356e+02   3.9740747e+02   1.0376301e+03   5.4588513e+01   9.4204963e+00   2.1110720e-03   1.1316765e-01
   1.2006889e+02   3.8547220e+01   7.4600000e+01  -8.9756760e+01  -2.8094440e+01   6.0784951e+04   1.0151551e+00   1.1018059e+02   2.8069696e+01  -1.7217837e-02  -6.0980987e+01   9.5730278e+00   9.3476461e+00   1.9000000e+00   2.0000000e+00   5.0472200e+00   1.8224475e+00   1.4225596e+03   1.6063650e+03   6.1467476e+00   7.0666134e+02   1.1795168e+03   5.6524068e+01   1.0297984e+01   7.3088027e-03   4.4972250e+00
   1.2007667e+02   3.8800560e+01   6.7200000e+01  -8.0192080e+01  -2.8601120e+01   5.9513535e+04   1.0090705e+00   1.0604453e+02   2.8581364e+01  -1.7593081e-02  -4.9816078e+01   9.5808233e+00   9.3592383e+00   1.9000000e+00   2.0000000e+00   5.3005600e+00   1.9452275e+00   1.4379061e+03   1.6342626e+03  -2.0652502e+00   6.9608509e+02   1.1964364e+03   5.6382150e+01   1.0165575e+01   6.9600887e-03   3.1721750e+00
   1.2077500e+02   3.9937220e+01   6.5700000e+01  -2.2000500e+01  -3.1575572e+01   5.5167461e+04   1.0117124e+00   1.1136446e+02   3.1604667e+01  -1.9468789e-02   5.7291808e+00   1.0001502e+01   9.9943722e+00   1.9000000e+00   2.0000000e+00   5.7250000e+00   1.8881888e+00   1.4657296e+03   1.6720436e+03  -1.5153776e+00   6.2321828e+02   1.2381664e+03   5.6305822e+01   9.6751823e+00   3.7286631e-03   2.1569040e+00
   1.2322833e+02   3.9932780e+01   5.4800000e+01   7.4311290e+01  -3.2047235e+01   6.4626636e+04   8.4522920e-01   1.1996764e+02   3.2123097e+01  -2.2577003e-02  -7.6771150e+02   1.0000567e+01   9.9995672e+00   1.9000000e+00   3.9943009e+00   5.0000000e+00   2.1747946e+00   1.3079054e+03   1.4687676e+03   1.1135099e+02   4.6981253e+02   1.0938169e+03   5.5301894e+01   9.4067026e+00   1.6025086e-03   2.7963956e-01
   1.2930911e+02   4.2813720e+01   6.6004611e+01   5.5731942e+02  -3.1959138e+01   6.9137263e+04   7.3745220e-01   1.0598888e+02   3.2522956e+01  -3.0624026e-02   8.6724933e+01   1.2995000e+01   1.2000000e+01   1.9000000e+00   5.0000000e+00   5.0000000e+00   2.2593487e+00   1.2501357e+03   1.1749188e+03   4.3348803e+02   2.5462764e+02   7.4843817e+02   5.2874459e+01   9.6893790e+00   7.9231888e-03   5.0000000e-03
   1.2588036e+02   4.2411690e+01   3.8165663e+01   4.6897252e+02  -3.1357622e+01   7.1254726e+04   8.6140182e-01   1.0480864e+02   3.1834119e+01  -1.5584498e-02   3.7445811e+01   1.2997177e+01   1.2000000e+01   1.9000000e+00   5.0000000e+00   5.0000000e+00   1.4500964e+00   1.3660630e+03   1.3736848e+03   1.6463378e+02   2.4988215e+02   9.6543967e+02   5.4998576e+01   1.0056389e+01   5.0571423e-03   5.0000000e-03
   1.2581303e+02   4.3674170e+01   6.4618267e+01   2.8200402e+02  -3.1825570e+01   6.5571741e+04   9.6217244e-01   1.0898017e+02   3.2112939e+01  -1.3331771e-02   1.5276840e+01   1.2823875e+01   1.2087085e+01   1.9000000e+00   5.0000000e+00   5.0000000e+00   1.9281564e+00   1.4838113e+03   1.4557534e+03   2.1949538e+02   3.1227179e+02   1.0361018e+03   5.5921832e+01   1.0815287e+01   7.1081315e-03   3.6028399e-01
   1.2376675e+02   4.4172390e+01   6.6109320e+01   1.5667907e+02  -3.1653304e+01   5.8267713e+04   1.1614324e+00   1.0713539e+02   3.1813365e+01  -1.2017308e-02  -5.5048442e+00   1.2908153e+01   1.2000000e+01   1.9000000e+00   5.0000000e+00   5.0000000e+00   3.0000000e+00   1.6255415e+03   1.6224526e+03   2.0875929e+02   4.2944923e+02   1.2058345e+03   5.7587956e+01   1.2018516e+01   1.2697788e-02   2.4274570e+00
   1.2463056e+02   4.4516560e+01   6.6315911e+01   1.8594208e+02  -3.2237925e+01   6.0668303e+04   1.1320143e+00   1.0848175e+02   3.2426931e+01  -1.4672424e-02   3.7086667e+00   1.2003000e+01   1.2500000e+01   1.9000000e+00   5.0000000e+00   5.0165600e+00   2.3924613e+00   1.6144332e+03   1.5869522e+03   2.5173682e+02   3.9073068e+02   1.1636095e+03   5.7341384e+01   1.1928110e+01   1.1505509e-02   3.6723280e+00
   1.2412711e+02   4.4656080e+01   5.1450296e+01   1.6983855e+02  -3.2248602e+01   5.7549151e+04   1.1879184e+00   1.0769167e+02   3.2422126e+01  -1.3404420e-02  -7.8343985e+00   1.2374771e+01   1.2313555e+01   1.9000000e+00   5.0000000e+00   5.1560800e+00   3.0000000e+00   1.6506815e+03   1.6285546e+03   2.6260607e+02   4.1786724e+02   1.1820492e+03   5.7733351e+01   1.2449336e+01   1.4471112e-02   3.3184120e+00
   1.2411303e+02   4.4680360e+01   5.8338961e+01   1.6896991e+02  -3.2293111e+01   5.7766224e+04   1.1910032e+00   1.0747292e+02   3.2465829e+01  -1.3361016e-02  -7.0987315e+00   1.2388809e+01   1.2306515e+01   1.9000000e+00   5.0000000e+00   5.1803600e+00   3.0000000e+00   1.6534983e+03   1.6310122e+03   2.6526447e+02   4.1881555e+02   1.1804373e+03   5.7740650e+01   1.2502393e+01   1.4771393e-02   3.2650960e+00
   1.2413244e+02   4.4629860e+01   5.8043264e+01   1.7037172e+02  -3.2205870e+01   5.7392442e+04   1.1854792e+00   1.0785218e+02   3.2379869e+01  -1.3415742e-02  -8.3671209e+00   1.2369457e+01   1.2316220e+01   1.9000000e+00   5.0000000e+00   5.1298600e+00   3.0000000e+00   1.6481169e+03   1.6265499e+03   2.5970613e+02   4.1738105e+02   1.1844674e+03   5.7725470e+01   1.2396821e+01   1.4176760e-02   3.3641380e+00
   1.2482919e+02   4.5230810e+01   7.6043682e+01   1.4712545e+02  -3.2732900e+01   5.5881622e+04   1.1680376e+00   1.0917846e+02   3.2880251e+01  -1.5238810e-02  -6.6874726e+00   1.2003000e+01   1.2500000e+01   1.9000000e+00   5.0000000e+00   5.7308100e+00   2.8204586e+00   1.6632617e+03   1.6220879e+03   3.3480332e+02   3.9541696e+02   1.1227131e+03   5.7687064e+01   1.2653772e+01   1.5277259e-02   4.2494020e+00
   1.2482928e+02   4.5230890e+01   7.5890984e+01   1.4712479e+02  -3.2732640e+01   5.5880073e+04   1.1680373e+00   1.0917902e+02   3.2879990e+01  -1.5239196e-02  -6.6892565e+00   1.2003000e+01   1.2500000e+01   1.9000000e+00   5.0000000e+00   5.7308900e+00   2.8205120e+00   1.6632589e+03   1.6220881e+03   3.3481229e+02   3.9541637e+02   1.1227144e+03   5.7687055e+01   1.2653790e+01   1.5277026e-02   4.2493980e+00
   1.2445250e+02   4.3789420e+01   9.0070355e+01   1.8647366e+02  -3.0442913e+01   6.2018178e+04   1.0937422e+00   1.0892493e+02   3.0631013e+01  -1.3960536e-02   8.5519642e+00   1.2756674e+01   1.2120960e+01   1.9000000e+00   5.0000000e+00   5.0000000e+00   2.1451146e+00   1.5582536e+03   1.5535698e+03   1.6987227e+02   3.8313139e+02   1.1377637e+03   5.6980302e+01   1.1354825e+01   9.4387410e-03   2.3086660e+00
   1.2447858e+02   4.3807220e+01   8.5016944e+01   1.8750734e+02  -3.0463718e+01   6.2180866e+04   1.0927209e+00   1.0890392e+02   3.0652861e+01  -1.4068664e-02   9.1433494e+00   1.2712979e+01   1.2142900e+01   1.9000000e+00   5.0000000e+00   5.0000000e+00   2.1222080e+00   1.5585709e+03   1.5529508e+03   1.7186146e+02   3.8210775e+02   1.1369400e+03   5.6972455e+01   1.1358223e+01   9.4195976e-03   2.3809020e+00
   1.2458753e+02   4.3776170e+01   7.7502398e+01   1.9527500e+02  -3.0490202e+01   6.3288784e+04   1.0805483e+00   1.0886836e+02   3.0687204e+01  -1.3998394e-02   1.3159659e+01   1.2722487e+01   1.2138085e+01   1.9000000e+00   5.0000000e+00   5.0000000e+00   1.9562413e+00   1.5505390e+03   1.5437070e+03   1.7250941e+02   3.7550359e+02   1.1275484e+03   5.6867501e+01   1.1296162e+01   9.1363290e-03   2.2038960e+00
   1.2458083e+02   4.3778560e+01   7.5091564e+01   1.9474762e+02  -3.0487316e+01   6.3218699e+04   1.0813329e+00   1.0887031e+02   3.0683782e+01  -1.4009686e-02   1.2905625e+01   1.2720111e+01   1.2139280e+01   1.9000000e+00   5.0000000e+00   5.0000000e+00   1.9667680e+00   1.5510757e+03   1.5443076e+03   1.7246608e+02   3.7592009e+02   1.1281556e+03   5.6874284e+01   1.1300130e+01   9.1530885e-03   2.2194430e+00
   1.2568625e+02   4.3639420e+01   8.5100000e+01   2.7302823e+02  -3.1629847e+01   6.5550483e+04   9.7102092e-01   1.0932948e+02   3.1907318e+01  -1.3062898e-02   1.5734514e+01   1.2858417e+01   1.2069710e+01   1.9000000e+00   5.0000000e+00   5.0000000e+00   1.8635444e+00   1.4862963e+03   1.4618170e+03   2.0822204e+02   3.1645732e+02   1.0428410e+03   5.5988961e+01   1.0833863e+01   7.1621830e-03   3.3473700e-01
   1.2759639e+02   4.1937750e+01   7.9924012e+01   9.3912608e+02  -3.3014301e+01   7.2596679e+04   7.1104011e-01   1.0403459e+02   3.3958359e+01  -3.7478331e-02  -4.9270498e+02   1.2709147e+01   1.1903610e+01   1.9000000e+00   5.0000000e+00   5.0000000e+00   1.6058514e+00   1.2422090e+03   1.2263499e+03   3.1192941e+02   1.8708562e+02   8.1585676e+02   5.3469557e+01   9.4849664e+00   6.6052739e-03   5.0000000e-03
   1.2748228e+02   4.2076940e+01   7.0923803e+01   8.5874456e+02  -3.2896765e+01   7.2343943e+04   7.2553395e-01   1.0420947e+02   3.3760462e+01  -3.5950017e-02  -7.0102866e+00   1.2997846e+01   1.2000000e+01   1.9000000e+00   5.0000000e+00   5.0000000e+00   1.6000377e+00   1.2603682e+03   1.2428748e+03   3.0059583e+02   1.8823762e+02   8.3133903e+02   5.3646278e+01   9.6091433e+00   6.1372330e-03   5.0000000e-03
   1.2438750e+02   4.6633330e+01   6.9500000e+01   1.3982493e+02  -3.2977998e+01   5.3665656e+04   1.2199878e+00   9.3944375e+01   3.3122915e+01  -2.4534566e-02   1.4848201e+01   1.1113837e+01   1.1112500e+01   1.8111250e+00   4.8518039e+00   6.0000000e+00   3.0000000e+00   1.7370555e+03   1.7482347e+03   4.2406437e+02   4.2976170e+02   1.0039207e+03   5.9018760e+01   1.4749009e+01   3.6755300e-02   3.4345860e+00
   1.2451667e+02   4.2033330e+01   4.2500000e+01   3.6315083e+02  -3.1495170e+01   7.2025269e+04   8.7079970e-01   1.1136270e+02   3.1864838e+01  -1.7088343e-02   5.6677039e+01   1.2998867e+01   1.2000000e+01   1.9000000e+00   5.0000000e+00   5.0000000e+00   1.3000340e+00   1.4042240e+03   1.4524439e+03   7.1725362e+01   3.3574026e+02   1.0553908e+03   5.5735593e+01   1.0005413e+01   4.9229296e-03   5.0000000e-03
   1.2457500e+02   4.6158330e+01   9.5000000e+01   1.3528332e+02  -3.2520247e+01   5.4452265e+04   1.2417338e+00   1.0007045e+02   3.2658330e+01  -2.0999140e-02   6.9083693e+00   1.1343353e+01   1.1512505e+01   1.9000000e+00   4.9541565e+00   6.0000000e+00   3.0000000e+00   1.7115779e+03   1.7031652e+03   3.9620480e+02   4.1748722e+02   1.0556284e+03   5.8525951e+01   1.3485064e+01   2.5730754e-02   4.2308390e+00
   1.2472500e+02   4.6025000e+01   8.0800000e+01   1.3805000e+02  -3.2385250e+01   5.3783959e+04   1.2400853e+00   1.0253459e+02   3.2525000e+01  -2.0162501e-02   4.6270369e+00   1.1476950e+01   1.1712500e+01   1.9000000e+00   5.0000000e+00   6.0000000e+00   3.0000000e+00   1.6970620e+03   1.6846488e+03   3.9040600e+02   4.1136975e+02   1.0700010e+03   5.8314464e+01   1.3304918e+01   2.3258343e-02   4.1575000e+00
   1.2485833e+02   4.6458330e+01   8.4200000e+01   1.4398322e+02  -3.2494920e+01   5.1851375e+04   1.1960121e+00   9.9567077e+01   3.2641670e+01  -2.3999134e-02   1.4656199e+01   1.1042753e+01   1.1062505e+01   1.9000000e+00   5.0000000e+00   6.0000000e+00   3.0000000e+00   1.6973752e+03   1.7085779e+03   3.8941336e+02   4.1141998e+02   1.0214095e+03   5.8526076e+01   1.3569102e+01   2.5437136e-02   3.6925010e+00
   1.2496667e+02   4.5900000e+01   7.5400000e+01   1.4286674e+02  -3.2256667e+01   5.1073455e+04   1.2142346e+00   1.0550918e+02   3.2400000e+01  -1.9560007e-02  -4.7978907e-01   1.1602200e+01   1.1900000e+01   1.9000000e+00   5.0000000e+00   6.0000000e+00   3.0000000e+00   1.6757011e+03   1.6612065e+03   3.8638205e+02   4.0224655e+02   1.0831827e+03   5.8054686e+01   1.3069019e+01   2.0407142e-02   3.8866600e+00
   1.2572083e+02   4.7054170e+01   5.6100000e+01   1.8693767e+02  -3.2372003e+01   5.6544990e+04   1.0777813e+00   1.0716291e+02   3.2554170e+01  -2.9033760e-02   1.5575384e+01   1.1221609e+01   1.1220830e+01   1.9000000e+00   5.0000000e+00   6.0000000e+00   3.0000000e+00   1.6520698e+03   1.7068380e+03   3.2489093e+02   3.9762628e+02   9.5299467e+02   5.8349719e+01   1.3964065e+01   1.9344698e-02   3.1683360e+00
   1.2573750e+02   4.8025000e+01   4.4400000e+01   2.5618750e+02  -3.2773000e+01   5.9766070e+04   9.9907669e-01   1.0408412e+02   3.3025000e+01  -3.4927500e-02   1.3776307e+01   1.1762212e+01   1.1762500e+01   1.9000000e+00   5.0000000e+00   6.0000000e+00   3.0000000e+00   1.6857979e+03   1.7846944e+03   3.4617988e+02   4.1683663e+02   8.4492388e+02   5.9043449e+01   1.4893992e+01   2.5603048e-02   1.5600000e+00
   1.2582500e+02   4.5775000e+01   4.5200000e+01   1.5520000e+02  -3.1623000e+01   4.7993384e+04   1.1352204e+00   1.1279856e+02   3.1775750e+01  -1.9417501e-02  -1.0580462e+01   1.2049850e+01   1.1925000e+01   1.9000000e+00   5.0000000e+00   6.0000000e+00   3.0000000e+00   1.6078027e+03   1.6023357e+03   3.3909450e+02   3.7734175e+02   1.0900093e+03   5.7361114e+01   1.2531904e+01   1.3077292e-02   3.0775000e+00
   1.2635000e+02   4.5966670e+01   8.0400000e+01   1.5578335e+02  -3.1477336e+01   5.7529522e+04   1.0762896e+00   1.1035230e+02   3.1632002e+01  -2.1663370e-02  -6.3035664e+00   1.2380813e+01   1.1850000e+01   1.9000000e+00   5.0000000e+00   6.0000000e+00   3.0000000e+00   1.5732966e+03   1.5873583e+03   2.9467438e+02   3.6988105e+02   1.0650857e+03   5.7129367e+01   1.2283265e+01   1.2371669e-02   2.4900010e+00
   1.1877222e+02   4.2387500e+01   3.6800000e+01   8.7849530e+02  -3.5563821e+01   6.7793644e+04   1.2330073e+00   2.4914832e+01   3.6445405e+01  -1.5033470e-02   8.8468217e+01   1.0000000e+01   1.0002775e+01   1.9000000e+00   4.8802889e+00   3.8166600e+00   3.0000000e+00   1.7693740e+03   1.9053907e+03   2.3911879e+02   6.3496655e+02   1.4300697e+03   6.0278755e+01   1.0578336e+01   6.0630257e-03   2.0173400e-02
   1.1723333e+02   4.9433330e+01   3.0000000e+01   6.8439977e+02  -3.9325333e+01   7.0327752e+04   1.0719684e+00   2.3393282e+01   3.9999333e+01  -7.6400270e-03  -6.0260673e+01   1.1998000e+01   1.2000000e+01   1.1100000e+00   2.0000000e+00   6.0000000e+00   3.0000000e+00   2.3280928e+03   2.3603180e+03   7.0395276e+02   6.0125667e+02   7.4501407e+02   6.6051040e+01   3.9805015e+01   1.1583342e-01   1.9333400e-01
   1.1761667e+02   4.8666670e+01   6.7400000e+01   6.0548397e+02  -3.9278996e+01   6.0789891e+04   1.1390897e+00   2.9003109e+01   3.9876163e+01  -7.6233420e-03   8.0026440e+01   1.1998700e+01   1.2000000e+01   1.1100000e+00   2.0000000e+00   6.0000000e+00   3.0000000e+00   2.2824375e+03   2.2901688e+03   7.7502562e+02   5.9967785e+02   8.2332626e+02   6.4681521e+01   4.2497583e+01   1.2628068e-01   4.7333300e-01
   1.1776667e+02   4.8566670e+01   6.9900000e+01   6.0813397e+02  -3.9125996e+01   6.1203350e+04   1.1538126e+00   3.0267070e+01   3.9726663e+01  -8.4133420e-03   8.2698045e+01   1.1999600e+01   1.2000000e+01   1.1100000e+00   2.0000000e+00   6.0000000e+00   3.0000000e+00   2.2691965e+03   2.2747833e+03   7.7782962e+02   5.9984735e+02   8.3879926e+02   6.4570818e+01   4.5558277e+01   1.2364423e-01   5.3333300e-01
   1.1771667e+02   4.8533330e+01   6.9500000e+01   6.0031661e+02  -3.9182997e+01   5.9927749e+04   1.1527527e+00   3.0140416e+01   3.9775830e+01  -8.2566860e-03   9.7049299e+01   1.1999300e+01   1.2000000e+01   1.1100000e+00   2.0000000e+00   6.0000000e+00   3.0000000e+00   2.2720047e+03   2.2758354e+03   7.8223682e+02   5.9968284e+02   8.3864343e+02   6.4489735e+01   4.4328835e+01   1.2587825e-01   5.3333500e-01
   1.1791667e+02   4.8583330e+01   7.1200000e+01   6.2291661e+02  -3.8962497e+01   6.3913255e+04   1.1618030e+00   3.0995726e+01   3.9578330e+01  -9.0166860e-03   5.5987978e+01   1.2000500e+01   1.2000000e+01   1.1100000e+00   2.0000000e+00   6.0000000e+00   3.0000000e+00   2.2587647e+03   2.2665304e+03   7.7128682e+02   6.0020584e+02   8.4552043e+02   6.4696289e+01   4.8985032e+01   1.1863655e-01   5.5833500e-01
   1.1783333e+02   4.8550000e+01   6.2400000e+01   6.1219971e+02  -3.9055504e+01   6.2085080e+04   1.1587528e+00   3.0691585e+01   3.9660503e+01  -8.7199860e-03   7.5548020e+01   1.2000000e+01   1.2000000e+01   1.1100000e+00   2.0000000e+00   6.0000000e+00   3.0000000e+00   2.2639809e+03   2.2696439e+03   7.7685078e+02   5.9996766e+02   8.4359216e+02   6.4592564e+01   4.7005587e+01   1.2190814e-01   5.5166600e-01
   1.1770000e+02   4.8433330e+01   6.3200000e+01   6.0153364e+02  -3.9264670e+01   5.8962060e+04   1.1575288e+00   2.9636615e+01   3.9858670e+01  -9.0133720e-03   9.2504043e+01   1.1998733e+01   1.2000000e+01   1.1100000e+00   2.0000000e+00   6.0000000e+00   3.0000000e+00   2.2696725e+03   2.2708105e+03   7.7890634e+02   6.0060205e+02   8.4551426e+02   6.4436670e+01   4.2227097e+01   1.2799965e-01   5.7333500e-01
   1.1788333e+02   4.8166670e+01   5.7400000e+01   6.4201607e+02  -3.9309334e+01   6.1025552e+04   1.1838587e+00   2.8400622e+01   3.9943833e+01  -1.2876614e-02   9.3094189e+00   1.1997967e+01   1.2000000e+01   1.1100000e+00   2.0000000e+00   6.0000000e+00   3.0000000e+00   2.2454994e+03   2.2434099e+03   7.4622444e+02   6.0504711e+02   8.7627989e+02   6.4581940e+01   3.9863321e+01   1.2599304e-01   7.4333102e-01
   1.1778333e+02   4.8300000e+01   6.7800000e+01   6.2104971e+02  -3.9296004e+01   5.9855629e+04   1.1701964e+00   2.8974257e+01   3.9909503e+01  -1.0909986e-02   5.2209418e+01   1.1998300e+01   1.2000000e+01   1.1100000e+00   2.0000000e+00   6.0000000e+00   3.0000000e+00   2.2581879e+03   2.2576254e+03   7.6285478e+02   6.0280616e+02   8.6045416e+02   6.4503641e+01   4.0857700e+01   1.2725579e-01   6.5666601e-01
   1.1778333e+02   4.8216670e+01   5.7900000e+01   6.2871607e+02  -3.9371834e+01   5.9550717e+04   1.1750053e+00   2.8283101e+01   3.9992833e+01  -1.1876614e-02   3.5165374e+01   1.1997717e+01   1.2000000e+01   1.1100000e+00   2.0000000e+00   6.0000000e+00   3.0000000e+00   2.2547714e+03   2.2526039e+03   7.5463094e+02   6.0406861e+02   8.6702389e+02   6.4510106e+01   3.8830211e+01   1.2841199e-01   6.9833101e-01
   1.1771667e+02   4.8216670e+01   5.4000000e+01   6.2091685e+02  -3.9354502e+01   5.8445634e+04   1.1701958e+00   2.7928317e+01   3.9967502e+01  -1.1503318e-02   4.5583746e+01   1.1998050e+01   1.2000000e+01   1.1100000e+00   2.0000000e+00   6.0000000e+00   3.0000000e+00   2.2583457e+03   2.2569128e+03   7.5734534e+02   6.0374931e+02   8.6372156e+02   6.4464807e+01   3.8310829e+01   1.2816875e-01   7.1832901e-01
   1.1768333e+02   4.8166670e+01   5.7400000e+01   6.2011607e+02  -3.9324334e+01   5.7709972e+04   1.1700523e+00   2.7336161e+01   3.9936333e+01  -1.1826614e-02   4.0567659e+01   1.1998417e+01   1.2000000e+01   1.1100000e+00   2.0000000e+00   6.0000000e+00   3.0000000e+00   2.2571534e+03   2.2561964e+03   7.5406844e+02   6.0421811e+02   8.6619189e+02   6.4446030e+01   3.7569770e+01   1.2700204e-01   7.7833101e-01
   1.1801667e+02   4.8883330e+01   5.5700000e+01   6.6281661e+02  -3.8827497e+01   6.9590596e+04   1.1497092e+00   3.0273056e+01   3.9482330e+01  -8.9566860e-03  -1.8459622e+01   1.2001100e+01   1.2000000e+01   1.1100000e+00   2.0000000e+00   6.0000000e+00   3.0000000e+00   2.2587667e+03   2.2786914e+03   7.4377882e+02   6.0091284e+02   8.2832843e+02   6.5188108e+01   5.2176037e+01   1.0942605e-01   4.8833499e-01
   1.1646667e+02   4.7916670e+01   5.6100000e+01   6.4996637e+02  -3.8892336e+01   6.1204345e+04   1.0884490e+00   1.7014343e+01   3.9539169e+01  -1.3644966e-02  -2.0348710e+01   1.2000533e+01   1.2000000e+01   1.1100000e+00   2.0000000e+00   6.0000000e+00   3.0000000e+00   2.3144091e+03   2.3204038e+03   7.4472447e+02   6.0555297e+02   8.2787904e+02   6.5029248e+01   2.2209996e+01   1.0279234e-01   6.2499700e-01
   1.1733333e+02   4.8100000e+01   5.7800000e+01   6.1430023e+02  -3.9236333e+01   5.9029343e+04   1.1478159e+00   2.5186067e+01   3.9843667e+01  -1.2180014e-02   4.6377349e+01   1.1999600e+01   1.2000000e+01   1.1100000e+00   2.0000000e+00   6.0000000e+00   3.0000000e+00   2.2748502e+03   2.2747132e+03   7.4755051e+02   6.0430800e+02   8.5418583e+02   6.4439893e+01   3.2831230e+01   1.2310106e-01   8.3333200e-01
   1.1715000e+02   4.7850000e+01   5.8600000e+01   6.4245000e+02  -3.9116000e+01   5.9126055e+04   1.1366623e+00   2.2282894e+01   3.9753000e+01  -1.5500000e-02   4.5070944e+00   1.2000600e+01   1.2000000e+01   1.1100000e+00   2.0000000e+00   6.0000000e+00   3.0000000e+00   2.2729740e+03   2.2719000e+03   7.1579450e+02   6.0759350e+02   8.6553400e+02   6.4459288e+01   2.7489678e+01   1.1585350e-01   1.0100000e+00
   1.1715000e+02   4.7983330e+01   5.4400000e+01   6.3418354e+02  -3.9173332e+01   5.9613922e+04   1.1388402e+00   2.3388759e+01   3.9802332e+01  -1.4140034e-02   3.1777973e+01   1.2000067e+01   1.2000000e+01   1.1100000e+00   2.0000000e+00   6.0000000e+00   3.0000000e+00   2.2809205e+03   2.2795571e+03   7.2815286e+02   6.0591754e+02   8.5454227e+02   6.4448944e+01   2.8773089e+01   1.1864023e-01   8.7667000e-01
   1.1885000e+02   4.8166670e+01   6.0300000e+01   7.6081595e+02  -3.8578664e+01   7.4430881e+04   1.2033717e+00   3.6941017e+01   3.9333330e+01  -1.7866639e-02  -3.8152487e+01   1.2001667e+01   1.2000000e+01   1.1100000e+00   2.2125543e+00   6.0000000e+00   3.0000000e+00   2.1817051e+03   2.1831377e+03   7.1320485e+02   6.0749629e+02   9.1839449e+02   6.4687280e+01   5.3759335e+01   1.0565887e-01   5.2666699e-01
   1.1891667e+02   4.9000000e+01   6.3200000e+01   6.7275023e+02  -3.8326666e+01   7.4484988e+04   1.1562646e+00   3.4076849e+01   3.9000000e+01  -1.1866700e-02  -6.1984441e+01   1.2004000e+01   1.2000000e+01   1.1100000e+00   2.1071356e+00   6.0000000e+00   2.5001221e+00   2.1978064e+03   2.2321156e+03   7.5027074e+02   6.0341835e+02   8.3013418e+02   6.5058394e+01   5.3947010e+01   7.8097073e-02   3.3333201e-01
   1.2581667e+02   5.0233330e+01   4.0700000e+01   4.2723347e+02  -3.3267663e+01   7.3097791e+04   9.7885286e-01   9.6464941e+01   3.3699830e+01  -3.0666692e-02  -7.0176906e+01   1.2366082e+01   1.2733330e+01   1.3601693e+00   2.5501711e+00   6.0000000e+00   1.3667807e+00   1.7813850e+03   1.9703069e+03   4.6927859e+02   5.4179023e+02   5.9909220e+02   6.0618986e+01   1.6832527e+01   5.8888072e-02   5.0000000e-03
   1.2583333e+02   5.0216670e+01   4.0100000e+01   4.2791653e+02  -3.3250337e+01   7.2785908e+04   9.7715411e-01   9.6541165e+01   3.3683170e+01  -3.0793308e-02  -6.9265606e+01   1.2357768e+01   1.2716670e+01   1.3733307e+00   2.5918211e+00   6.0000000e+00   1.3945474e+00   1.7794710e+03   1.9681091e+03   4.6724691e+02   5.4042777e+02   6.0094080e+02   6.0595826e+01   1.6787853e+01   5.7815973e-02   5.0000000e-03
   1.2575000e+02   5.0233330e+01   3.9800000e+01   4.2378304e+02  -3.3321667e+01   7.3824119e+04   9.8194661e-01   9.6418715e+01   3.3750000e+01  -3.0486684e-02  -7.0884822e+01   1.2365915e+01   1.2733330e+01   1.3206693e+00   2.4835011e+00   6.0000000e+00   1.3223341e+00   1.7855682e+03   1.9731459e+03   4.7298479e+02   5.4181475e+02   5.9911554e+02   6.0662367e+01   1.7104520e+01   6.1494705e-02   6.5836500e-03
   1.1594833e+02   4.4761390e+01   5.7475000e+01   1.0893094e+03  -3.7248015e+01   6.0676000e+04   1.1807595e+00   1.8756747e+00   3.8334930e+01   3.5034100e-04  -2.9568812e+01   1.3823057e+01   1.3103340e+01   1.1100000e+00   3.1838693e+00   6.0000000e+00   2.9527405e+00   2.1114804e+03   2.2080157e+03   5.1943564e+02   5.6271632e+02   1.1051493e+03   6.3374065e+01   1.2099258e+01   1.6388812e-02   1.4902895e-01
   1.1597417e+02   4.4806110e+01   6.6044000e+01   1.0901530e+03  -3.7295210e+01   6.0699560e+04   1.1829316e+00   2.2877027e+00   3.8383445e+01   2.9090000e-06  -2.9572612e+01   1.3784271e+01   1.3051660e+01   1.1100000e+00   3.1667662e+00   6.0000000e+00   2.9431152e+00   2.1128725e+03   2.2078443e+03   5.2477989e+02   5.6333528e+02   1.1015253e+03   6.3384831e+01   1.2163789e+01   1.6898303e-02   1.4030855e-01
   1.1645417e+02   4.5563890e+01   5.5594000e+01   9.2781909e+02  -3.8512260e+01   6.1177118e+04   1.1881002e+00   9.7530525e+00   3.9436704e+01  -4.9987690e-03  -2.9011225e+01   1.2931557e+01   1.2000000e+01   1.1100000e+00   2.8836072e+00   6.0000000e+00   2.7489637e+00   2.1369351e+03   2.2045829e+03   6.0328960e+02   5.7942806e+02   1.0442433e+03   6.3545164e+01   1.4169753e+01   3.0386461e-02   1.2472100e-01
   1.1698750e+02   4.4170560e+01   4.3095800e+01   1.1337702e+03  -3.7251297e+01   6.2931223e+04   1.2214431e+00   1.2272895e+01   3.8381310e+01  -3.1589620e-03  -9.0181459e+00   1.2995659e+01   1.2000000e+01   1.1100000e+00   3.6278157e+00   4.5375000e+00   2.0626510e+00   2.0058450e+03   2.1075543e+03   4.6053907e+02   6.0631294e+02   1.2008594e+03   6.2508026e+01   1.1991519e+01   1.4863222e-02   1.1995320e-01
   1.1646333e+02   4.7915830e+01   5.0350000e+01   6.5026363e+02  -3.8891414e+01   6.1211850e+04   1.0881943e+00   1.6981195e+01   3.9538506e+01  -1.3671284e-02  -2.0647829e+01   1.2000557e+01   1.2000000e+01   1.1100000e+00   2.0000000e+00   6.0000000e+00   3.0000000e+00   2.3145228e+03   2.3205718e+03   7.4458158e+02   6.0556103e+02   8.2779339e+02   6.5031645e+01   2.2198244e+01   1.0264411e-01   6.2575300e-01
   1.1772528e+02   4.9336390e+01   4.9660000e+01   6.7558010e+02  -3.9109440e+01   7.0830287e+04   1.1069219e+00   2.6827040e+01   3.9774720e+01  -6.6255980e-03  -6.1745597e+01   1.1999352e+01   1.2000000e+01   1.1100000e+00   2.0000000e+00   6.0000000e+00   3.0000000e+00   2.2908556e+03   2.3245744e+03   7.2307609e+02   6.0092142e+02   7.7677959e+02   6.5630212e+01   4.6327358e+01   1.0901843e-01   2.8797200e-01
   1.1841889e+02   4.9186940e+01   5.1100000e+01   6.4093401e+02  -3.8444532e+01   7.4229223e+04   1.1381266e+00   2.9749681e+01   3.9081110e+01  -6.4040880e-03  -7.1316012e+01   1.2003513e+01   1.2000000e+01   1.1100000e+00   2.0000000e+00   6.0000000e+00   2.5609791e+00   2.2383560e+03   2.2740832e+03   7.5931650e+02   6.0149389e+02   8.0653334e+02   6.5421083e+01   5.5152805e+01   8.8094156e-02   4.1711300e-01
   1.1802000e+02   4.8880000e+01   6.3860000e+01   6.6276000e+02  -3.8824200e+01   6.9601184e+04   1.1499505e+00   3.0304709e+01   3.9479000e+01  -8.9760000e-03  -1.8327187e+01   1.2001120e+01   1.2000000e+01   1.1100000e+00   2.0000000e+00   6.0000000e+00   3.0000000e+00   2.2584460e+03   2.2782820e+03   7.4393000e+02   6.0091480e+02   8.2875520e+02   6.5185666e+01   5.2240501e+01   1.0939008e-01   4.8999999e-01
   1.1796444e+02   4.8565830e+01   5.9350000e+01   6.2525260e+02  -3.8912480e+01   6.4470707e+04   1.1656638e+00   3.1323175e+01   3.9530863e+01  -9.2453200e-03   5.1953025e+01   1.2000787e+01   1.2000000e+01   1.1100000e+00   2.0000000e+00   6.0000000e+00   3.0000000e+00   2.2548933e+03   2.2625078e+03   7.7103034e+02   6.0028306e+02   8.4937177e+02   6.4704026e+01   5.0004778e+01   1.1750532e-01   5.7313899e-01
   1.1778361e+02   4.8223610e+01   6.0830000e+01   6.2810195e+02  -3.9365216e+01   5.9580753e+04   1.1746215e+00   2.8342153e+01   3.9985616e+01  -1.1797286e-02   3.6541098e+01   1.1997767e+01   1.2000000e+01   1.1100000e+00   2.0000000e+00   6.0000000e+00   3.0000000e+00   2.2550357e+03   2.2530048e+03   7.5530613e+02   6.0396409e+02   8.6649162e+02   6.4509758e+01   3.9005366e+01   1.2830698e-01   6.9491701e-01
   1.1792472e+02   4.8593060e+01   6.0460000e+01   6.2462888e+02  -3.8952927e+01   6.4177074e+04   1.1617219e+00   3.0997870e+01   3.9570458e+01  -9.0349280e-03   5.2822155e+01   1.2000548e+01   1.2000000e+01   1.1100000e+00   2.0000000e+00   6.0000000e+00   3.0000000e+00   2.2584176e+03   2.2666277e+03   7.7022775e+02   6.0023939e+02   8.4521826e+02   6.4715507e+01   4.9196660e+01   1.1818820e-01   5.5702600e-01
   1.1765556e+02   4.8125830e+01   4.2150000e+01   6.1939906e+02  -3.9299553e+01   5.7346019e+04   1.1698962e+00   2.6858494e+01   3.9910670e+01  -1.2087670e-02   3.5377798e+01   1.1998719e+01   1.2000000e+01   1.1100000e+00   2.0000000e+00   6.0000000e+00   3.0000000e+00   2.2562083e+03   2.2556460e+03   7.5141378e+02   6.0459845e+02   8.6818302e+02   6.4437889e+01   3.6960281e+01   1.2604711e-01   8.2750201e-01
   1.1770250e+02   4.8130280e+01   4.7500000e+01   6.2461514e+02  -3.9313670e+01   5.7894615e+04   1.1730816e+00   2.7136364e+01   3.9930154e+01  -1.2305144e-02   3.0128466e+01   1.1998466e+01   1.2000000e+01   1.1100000e+00   2.0000000e+00   6.0000000e+00   3.0000000e+00   2.2539566e+03   2.2528674e+03   7.4991485e+02   6.0476736e+02   8.7014157e+02   6.4461880e+01   3.7368849e+01   1.2631140e-01   8.0897001e-01
   1.1773667e+02   4.8570560e+01   5.8430000e+01   6.0592853e+02  -3.9158046e+01   6.0758133e+04   1.1517977e+00   3.0091129e+01   3.9756402e+01  -8.2811180e-03   8.6624101e+01   1.1999420e+01   1.2000000e+01   1.1100000e+00   2.0000000e+00   6.0000000e+00   3.0000000e+00   2.2714568e+03   2.2768755e+03   7.7855955e+02   5.9978735e+02   8.3691323e+02   6.4555928e+01   4.4895588e+01   1.2449897e-01   5.2616600e-01
   1.1781333e+02   4.8576390e+01   6.0840000e+01   6.1320427e+02  -3.9074729e+01   6.2107109e+04   1.1560363e+00   3.0474749e+01   3.9680567e+01  -8.5937620e-03   7.3499778e+01   1.1999880e+01   1.2000000e+01   1.1100000e+00   2.0000000e+00   6.0000000e+00   3.0000000e+00   2.2660608e+03   2.2724936e+03   7.7543082e+02   5.9996621e+02   8.4054958e+02   6.4616259e+01   4.6638465e+01   1.2199427e-01   5.3974900e-01
   1.1771861e+02   4.8538890e+01   5.2590000e+01   6.0106363e+02  -3.9180401e+01   6.0034406e+04   1.1525476e+00   3.0127484e+01   3.9773965e+01  -8.2559380e-03   9.5655991e+01   1.1999312e+01   1.2000000e+01   1.1100000e+00   2.0000000e+00   6.0000000e+00   3.0000000e+00   2.2719985e+03   2.2760555e+03   7.8172399e+02   5.9969613e+02   8.3832941e+02   6.4498909e+01   4.4389925e+01   1.2570485e-01   5.3205500e-01
   1.1780639e+02   4.8520000e+01   5.4390000e+01   6.0673593e+02  -3.9087299e+01   6.1236516e+04   1.1588763e+00   3.0673692e+01   3.9686874e+01  -8.6548380e-03   8.5640353e+01   1.1999838e+01   1.2000000e+01   1.1100000e+00   2.0000000e+00   6.0000000e+00   3.0000000e+00   2.2652041e+03   2.2694748e+03   7.8018974e+02   5.9985952e+02   8.4441116e+02   6.4531871e+01   4.6305396e+01   1.2335648e-01   5.5527800e-01
   1.1784556e+02   4.8590830e+01   5.7540000e+01   6.1751004e+02  -3.9038620e+01   6.2834889e+04   1.1571264e+00   3.0585885e+01   3.9648804e+01  -8.7060240e-03   6.5631383e+01   1.2000073e+01   1.2000000e+01   1.1100000e+00   2.0000000e+00   6.0000000e+00   3.0000000e+00   2.2640808e+03   2.2713843e+03   7.7315486e+02   6.0006083e+02   8.4117899e+02   6.4658563e+01   4.7408838e+01   1.2069754e-01   5.4186300e-01
   1.1777583e+02   4.8572500e+01   5.3160000e+01   6.0953721e+02  -3.9115579e+01   6.1433317e+04   1.1540228e+00   3.0291435e+01   3.9717653e+01  -8.4424860e-03   8.0123378e+01   1.1999655e+01   1.2000000e+01   1.1100000e+00   2.0000000e+00   6.0000000e+00   3.0000000e+00   2.2686754e+03   2.2745736e+03   7.7704448e+02   5.9987703e+02   8.3884866e+02   6.4585280e+01   4.5782639e+01   1.2324060e-01   5.3341600e-01
   1.1775222e+02   4.8518890e+01   5.8440000e+01   6.0190770e+02  -3.9145902e+01   6.0323619e+04   1.1557076e+00   3.0390026e+01   3.9740491e+01  -8.4291000e-03   9.4324276e+01   1.1999513e+01   1.2000000e+01   1.1100000e+00   2.0000000e+00   6.0000000e+00   3.0000000e+00   2.2690895e+03   2.2727552e+03   7.8215945e+02   5.9973801e+02   8.4161584e+02   6.4493491e+01   4.5083276e+01   1.2506519e-01   5.4477700e-01
   1.1785333e+02   4.8549440e+01   5.4150000e+01   6.1388147e+02  -3.9033954e+01   6.2409135e+04   1.1599787e+00   3.0800373e+01   3.9640698e+01  -8.8048820e-03   7.2531990e+01   1.2000120e+01   1.2000000e+01   1.1100000e+00   2.0000000e+00   6.0000000e+00   3.0000000e+00   2.2625230e+03   2.2683734e+03   7.7620125e+02   6.0001095e+02   8.4469697e+02   6.4605364e+01   4.7453761e+01   1.2129698e-01   5.5583400e-01
   1.1764250e+02   4.8165280e+01   4.7030000e+01   6.1542514e+02  -3.9313120e+01   5.7562426e+04   1.1671693e+00   2.7126600e+01   3.9920304e+01  -1.1612144e-02   4.4106711e+01   1.1998626e+01   1.2000000e+01   1.1100000e+00   2.0000000e+00   6.0000000e+00   3.0000000e+00   2.2592598e+03   2.2587558e+03   7.5560220e+02   6.0404001e+02   8.6428377e+02   6.4434828e+01   3.7238263e+01   1.2682400e-01   7.9197001e-01
   1.1694111e+02   4.7979170e+01   5.4570000e+01   6.4391223e+02  -3.9129019e+01   6.0108758e+04   1.1237008e+00   2.1503184e+01   3.9769399e+01  -1.4493792e-02   1.7248176e+01   1.2000083e+01   1.2000000e+01   1.1100000e+00   2.0000000e+00   6.0000000e+00   3.0000000e+00   2.2940771e+03   2.2926921e+03   7.2545122e+02   6.0589919e+02   8.4464062e+02   6.4640141e+01   2.6015683e+01   1.1541979e-01   7.8930200e-01
   1.1735167e+02   4.8116390e+01   4.8440000e+01   6.1201859e+02  -3.9244665e+01   5.8988128e+04   1.1483976e+00   2.5405003e+01   3.9849548e+01  -1.1935808e-02   4.8802959e+01   1.1999534e+01   1.2000000e+01   1.1100000e+00   2.0000000e+00   6.0000000e+00   3.0000000e+00   2.2745242e+03   2.2744996e+03   7.4992838e+02   6.0408768e+02   8.5376118e+02   6.4438621e+01   3.3282619e+01   1.2364594e-01   8.2427800e-01
   1.1768472e+02   4.8155280e+01   5.5080000e+01   6.2098488e+02  -3.9319798e+01   5.7691338e+04   1.1706678e+00   2.7249088e+01   3.9932647e+01  -1.1950576e-02   3.8020742e+01   1.1998455e+01   1.2000000e+01   1.1100000e+00   2.0000000e+00   6.0000000e+00   3.0000000e+00   2.2564000e+03   2.2554524e+03   7.5295610e+02   6.0436794e+02   8.6719975e+02   6.4447858e+01   3.7470962e+01   1.2676905e-01   7.8930401e-01
   1.1900500e+02   4.8152500e+01   5.7460000e+01   7.7455750e+02  -3.8577600e+01   7.4023761e+04   1.2064780e+00   3.8978420e+01   3.9347500e+01  -1.9534250e-02  -3.8727518e+01   1.2001568e+01   1.2000000e+01   1.1100000e+00   2.2583893e+00   6.0000000e+00   3.0000000e+00   2.1702307e+03   2.1728576e+03   7.0734328e+02   6.0839890e+02   9.2048200e+02   6.4552064e+01   5.2181042e+01   1.0186123e-01   4.6325000e-01
   1.1865250e+02   4.8048330e+01   5.5580000e+01   7.3583364e+02  -3.8722045e+01   7.4503193e+04   1.2072850e+00   3.4031258e+01   3.9451670e+01  -1.7861122e-02  -3.5313748e+01   1.2000838e+01   1.2000000e+01   1.1100000e+00   2.2188025e+00   6.0000000e+00   3.0000000e+00   2.1878491e+03   2.1884878e+03   7.0803966e+02   6.0866488e+02   9.2262374e+02   6.4746566e+01   5.0934692e+01   1.0813355e-01   7.7333501e-01
   1.2930911e+02   4.2813720e+01   6.6004611e+01   5.5731942e+02  -3.1959138e+01   6.9137263e+04   7.3745220e-01   1.0598888e+02   3.2522956e+01  -3.0624026e-02   8.6724933e+01   1.2995000e+01   1.2000000e+01   1.9000000e+00   5.0000000e+00   5.0000000e+00   2.2593487e+00   1.2501357e+03   1.1749188e+03   4.3348803e+02   2.5462764e+02   7.4843817e+02   5.2874459e+01   9.6893790e+00   7.9231888e-03   5.0000000e-03
   1.2588036e+02   4.2411690e+01   3.8165663e+01   4.6897252e+02  -3.1357622e+01   7.1254726e+04   8.6140182e-01   1.0480864e+02   3.1834119e+01  -1.5584498e-02   3.7445811e+01   1.2997177e+01   1.2000000e+01   1.9000000e+00   5.0000000e+00   5.0000000e+00   1.4500964e+00   1.3660630e+03   1.3736848e+03   1.6463378e+02   2.4988215e+02   9.6543967e+02   5.4998576e+01   1.0056389e+01   5.0571423e-03   5.0000000e-03
   1.2581303e+02   4.3674170e+01   6.4618267e+01   2.8200402e+02  -3.1825570e+01   6.5571741e+04   9.6217244e-01   1.0898017e+02   3.2112939e+01  -1.3331771e-02   1.5276840e+01   1.2823875e+01   1.2087085e+01   1.9000000e+00   5.0000000e+00   5.0000000e+00   1.9281564e+00   1.4838113e+03   1.4557534e+03   2.1949538e+02   3.1227179e+02   1.0361018e+03   5.5921832e+01   1.0815287e+01   7.1081315e-03   3.6028399e-01
   1.2376675e+02   4.4172390e+01   6.6109320e+01   1.5667907e+02  -3.1653304e+01   5.8267713e+04   1.1614324e+00   1.0713539e+02   3.1813365e+01  -1.2017308e-02  -5.5048442e+00   1.2908153e+01   1.2000000e+01   1.9000000e+00   5.0000000e+00   5.0000000e+00   3.0000000e+00   1.6255415e+03   1.6224526e+03   2.0875929e+02   4.2944923e+02   1.2058345e+03   5.7587956e+01   1.2018516e+01   1.2697788e-02   2.4274570e+00
   1.2463056e+02   4.4516560e+01   6.6315911e+01   1.8594208e+02  -3.2237925e+01   6.0668303e+04   1.1320143e+00   1.0848175e+02   3.2426931e+01  -1.4672424e-02   3.7086667e+00   1.2003000e+01   1.2500000e+01   1.9000000e+00   5.0000000e+00   5.0165600e+00   2.3924613e+00   1.6144332e+03   1.5869522e+03   2.5173682e+02   3.9073068e+02   1.1636095e+03   5.7341384e+01   1.1928110e+01   1.1505509e-02   3.6723280e+00
   1.2412711e+02   4.4656080e+01   5.1450296e+01   1.6983855e+02  -3.2248602e+01   5.7549151e+04   1.1879184e+00   1.0769167e+02   3.2422126e+01  -1.3404420e-02  -7.8343985e+00   1.2374771e+01   1.2313555e+01   1.9000000e+00   5.0000000e+00   5.1560800e+00   3.0000000e+00   1.6506815e+03   1.6285546e+03   2.6260607e+02   4.1786724e+02   1.1820492e+03   5.7733351e+01   1.2449336e+01   1.4471112e-02   3.3184120e+00
   1.2411303e+02   4.4680360e+01   5.8338961e+01   1.6896991e+02  -3.2293111e+01   5.7766224e+04   1.1910032e+00   1.0747292e+02   3.2465829e+01  -1.3361016e-02  -7.0987315e+00   1.2388809e+01   1.2306515e+01   1.9000000e+00   5.0000000e+00   5.1803600e+00   3.0000000e+00   1.6534983e+03   1.6310122e+03   2.6526447e+02   4.1881555e+02   1.1804373e+03   5.7740650e+01   1.2502393e+01   1.4771393e-02   3.2650960e+00
   1.2413244e+02   4.4629860e+01   5.8043264e+01   1.7037172e+02  -3.2205870e+01   5.7392442e+04   1.1854792e+00   1.0785218e+02   3.2379869e+01  -1.3415742e-02  -8.3671209e+00   1.2369457e+01   1.2316220e+01   1.9000000e+00   5.0000000e+00   5.1298600e+00   3.0000000e+00   1.6481169e+03   1.6265499e+03   2.5970613e+02   4.1738105e+02   1.1844674e+03   5.7725470e+01   1.2396821e+01   1.4176760e-02   3.3641380e+00
   1.2482919e+02   4.5230810e+01   7.6043682e+01   1.4712545e+02  -3.2732900e+01   5.5881622e+04   1.1680376e+00   1.0917846e+02   3.2880251e+01  -1.5238810e-02  -6.6874726e+00   1.2003000e+01   1.2500000e+01   1.9000000e+00   5.0000000e+00   5.7308100e+00   2.8204586e+00   1.6632617e+03   1.6220879e+03   3.3480332e+02   3.9541696e+02   1.1227131e+03   5.7687064e+01   1.2653772e+01   1.5277259e-02   4.2494020e+00
   1.2482928e+02   4.5230890e+01   7.5890984e+01   1.4712479e+02  -3.2732640e+01   5.5880073e+04   1.1680373e+00   1.0917902e+02   3.2879990e+01  -1.5239196e-02  -6.6892565e+00   1.2003000e+01   1.2500000e+01   1.9000000e+00   5.0000000e+00   5.7308900e+00   2.8205120e+00   1.6632589e+03   1.6220881e+03   3.3481229e+02   3.9541637e+02   1.1227144e+03   5.7687055e+01   1.2653790e+01   1.5277026e-02   4.2493980e+00
   1.2233164e+02   4.2306190e+01   5.9937619e+01   1.3972617e+02  -3.2276887e+01   6.1392240e+04   1.0933677e+00   1.0464597e+02   3.2423935e+01  -1.8546994e-02   4.6691854e+00   1.1464713e+01   1.1612186e+01   1.9000000e+00   5.0000000e+00   6.0000000e+00   3.0000000e+00   1.5461833e+03   1.6283768e+03   2.0491184e+01   4.9730833e+02   1.2358483e+03   5.7026982e+01   1.0289183e+01   6.6840125e-03   7.0454001e-01
   1.2240997e+02   4.2426220e+01   6.8354881e+01   1.4061531e+02  -3.2065909e+01   6.1301233e+04   1.0948880e+00   1.0469894e+02   3.2213261e+01  -1.8775671e-02   4.3851567e+00   1.1527900e+01   1.1852366e+01   1.9000000e+00   5.0000000e+00   6.0000000e+00   3.0000000e+00   1.5513599e+03   1.6275951e+03   2.4162882e+01   4.9191699e+02   1.2331274e+03   5.7063063e+01   1.0313154e+01   6.9593028e-03   6.3201502e-01
   1.2445250e+02   4.3789420e+01   9.0070355e+01   1.8647366e+02  -3.0442913e+01   6.2018178e+04   1.0937422e+00   1.0892493e+02   3.0631013e+01  -1.3960536e-02   8.5519642e+00   1.2756674e+01   1.2120960e+01   1.9000000e+00   5.0000000e+00   5.0000000e+00   2.1451146e+00   1.5582536e+03   1.5535698e+03   1.6987227e+02   3.8313139e+02   1.1377637e+03   5.6980302e+01   1.1354825e+01   9.4387410e-03   2.3086660e+00
   1.2447858e+02   4.3807220e+01   8.5016944e+01   1.8750734e+02  -3.0463718e+01   6.2180866e+04   1.0927209e+00   1.0890392e+02   3.0652861e+01  -1.4068664e-02   9.1433494e+00   1.2712979e+01   1.2142900e+01   1.9000000e+00   5.0000000e+00   5.0000000e+00   2.1222080e+00   1.5585709e+03   1.5529508e+03   1.7186146e+02   3.8210775e+02   1.1369400e+03   5.6972455e+01   1.1358223e+01   9.4195976e-03   2.3809020e+00
   1.2458753e+02   4.3776170e+01   7.7502398e+01   1.9527500e+02  -3.0490202e+01   6.3288784e+04   1.0805483e+00   1.0886836e+02   3.0687204e+01  -1.3998394e-02   1.3159659e+01   1.2722487e+01   1.2138085e+01   1.9000000e+00   5.0000000e+00   5.0000000e+00   1.9562413e+00   1.5505390e+03   1.5437070e+03   1.7250941e+02   3.7550359e+02   1.1275484e+03   5.6867501e+01   1.1296162e+01   9.1363290e-03   2.2038960e+00
   1.2458083e+02   4.3778560e+01   7.5091564e+01   1.9474762e+02  -3.0487316e+01   6.3218699e+04   1.0813329e+00   1.0887031e+02   3.0683782e+01  -1.4009686e-02   1.2905625e+01   1.2720111e+01   1.2139280e+01   1.9000000e+00   5.0000000e+00   5.0000000e+00   1.9667680e+00   1.5510757e+03   1.5443076e+03   1.7246608e+02   3.7592009e+02   1.1281556e+03   5.6874284e+01   1.1300130e+01   9.1530885e-03   2.2194430e+00
   1.2568625e+02   4.3639420e+01   8.5100000e+01   2.7302823e+02  -3.1629847e+01   6.5550483e+04   9.7102092e-01   1.0932948e+02   3.1907318e+01  -1.3062898e-02   1.5734514e+01   1.2858417e+01   1.2069710e+01   1.9000000e+00   5.0000000e+00   5.0000000e+00   1.8635444e+00   1.4862963e+03   1.4618170e+03   2.0822204e+02   3.1645732e+02   1.0428410e+03   5.5988961e+01   1.0833863e+01   7.1621830e-03   3.3473700e-01
   1.2735000e+02   4.5700000e+01   6.2875712e+01   2.2705000e+02  -3.1479000e+01   5.8314833e+04   8.9862898e-01   1.1001370e+02   3.1712000e+01  -2.5434999e-02  -2.0640449e+01   1.2796000e+01   1.2000000e+01   1.9000000e+00   5.0000000e+00   5.1500000e+00   2.6983191e+00   1.4904145e+03   1.5113335e+03   2.3771050e+02   3.5776350e+02   1.0415905e+03   5.6258675e+01   1.2121669e+01   1.1983165e-02   5.0000000e-01
   1.2748228e+02   4.2076940e+01   7.0923803e+01   8.5874456e+02  -3.2896765e+01   7.2343943e+04   7.2553395e-01   1.0420947e+02   3.3760462e+01  -3.5950017e-02  -7.0102866e+00   1.2997846e+01   1.2000000e+01   1.9000000e+00   5.0000000e+00   5.0000000e+00   1.6000377e+00   1.2603682e+03   1.2428748e+03   3.0059583e+02   1.8823762e+02   8.3133903e+02   5.3646278e+01   9.6091433e+00   6.1372330e-03   5.0000000e-03
   1.2564639e+02   4.6240833e+01   7.1200000e+01   1.5892667e+02  -3.1741583e+01   4.9291045e+04   1.1500598e+00   1.1083862e+02   3.1898992e+01  -2.3319639e-02  -8.5042743e-01   1.1405903e+01   1.1315556e+01   1.9000000e+00   5.0000000e+00   6.0000000e+00   3.0000000e+00   1.6330834e+03   1.6474912e+03   3.3713453e+02   3.8636039e+02   1.0411473e+03   5.7819901e+01   1.3049165e+01   1.5538002e-02   3.3096945e+00
   1.2664083e+02   4.5839444e+01   7.3700000e+01   1.6737222e+02  -3.1423214e+01   5.8254473e+04   1.0262996e+00   1.1056063e+02   3.1590692e+01  -2.1688306e-02  -1.3188546e+01   1.2657253e+01   1.2000000e+01   1.9000000e+00   5.0000000e+00   5.8591667e+00   3.0000000e+00   1.5480150e+03   1.5614238e+03   2.7892302e+02   3.6444481e+02   1.0685376e+03   5.6840864e+01   1.2088047e+01   1.1575847e-02   2.0060834e+00
   1.2625833e+02   4.5640000e+01   8.1400000e+01   1.5412000e+02  -3.1325350e+01   5.3539742e+04   1.0923292e+00   1.1214194e+02   3.1476750e+01  -1.8210334e-02  -1.3061415e+01   1.2614987e+01   1.1910833e+01   1.9000000e+00   5.0000000e+00   6.0000000e+00   3.0000000e+00   1.5713281e+03   1.5671222e+03   3.1315857e+02   3.6667697e+02   1.0977821e+03   5.6960007e+01   1.2163250e+01   1.1543869e-02   2.5141667e+00
   1.2673667e+02   4.5955000e+01   7.6600000e+01   1.7657500e+02  -3.1523833e+01   5.7742292e+04   1.0045019e+00   1.1025120e+02   3.1702050e+01  -2.3643500e-02  -1.5529872e+01   1.2542275e+01   1.2000000e+01   1.9000000e+00   5.0000000e+00   5.7633333e+00   3.0000000e+00   1.5439140e+03   1.5651575e+03   2.6841545e+02   3.6563755e+02   1.0517391e+03   5.6863595e+01   1.2156337e+01   1.2018527e-02   1.8395000e+00
   1.2439528e+02   4.6210833e+01   6.6400000e+01   1.3394806e+02  -3.2678447e+01   5.5170735e+04   1.2519895e+00   9.8309226e+01   3.2815556e+01  -2.1184723e-02   4.8123863e+00   1.1395781e+01   1.1538472e+01   1.9000000e+00   4.8642954e+00   6.0000000e+00   3.0000000e+00   1.7263402e+03   1.7175651e+03   4.0351632e+02   4.2480046e+02   1.0507332e+03   5.8712407e+01   1.3886859e+01   2.8576610e-02   4.0088333e+00
   1.2480500e+02   4.6801111e+01   8.2600000e+01   1.4925333e+02  -3.2693433e+01   5.3732043e+04   1.1737921e+00   9.7694477e+01   3.2845556e+01  -2.5905112e-02   1.6071708e+01   1.1001000e+01   1.1000000e+01   1.9000000e+00   4.9947793e+00   6.0000000e+00   3.0000000e+00   1.7111679e+03   1.7373282e+03   3.9284503e+02   4.1840797e+02   9.8351893e+02   5.8811816e+01   1.4439241e+01   3.3136656e-02   3.4676111e+00
   1.2597389e+02   4.7987222e+01   6.1700000e+01   2.5608722e+02  -3.2516394e+01   5.8050277e+04   9.8015286e-01   1.0405866e+02   3.2769722e+01  -3.5810889e-02   1.3256354e+01   1.1960663e+01   1.1961111e+01   1.9000000e+00   5.0000000e+00   6.0000000e+00   3.0000000e+00   1.6675603e+03   1.7695645e+03   3.2744794e+02   4.1283762e+02   8.4905091e+02   5.8863961e+01   1.4754332e+01   2.3301595e-02   1.2289444e+00
   1.2474222e+02   4.7005278e+01   7.1900000e+01   1.5190861e+02  -3.2855467e+01   5.4959732e+04   1.1630268e+00   9.6732857e+01   3.3010417e+01  -2.6915029e-02   1.3519772e+01   1.1001000e+01   1.1000000e+01   1.9000000e+00   4.9241246e+00   6.0000000e+00   3.0000000e+00   1.7217919e+03   1.7562195e+03   3.9806829e+02   4.2363742e+02   9.6105622e+02   5.9021016e+01   1.5014122e+01   3.8588670e-02   3.3231111e+00
   1.2461750e+02   4.6437222e+01   8.1700000e+01   1.3755278e+02  -3.2740778e+01   5.2938968e+04   1.2168167e+00   9.7253302e+01   3.2882500e+01  -2.3390445e-02   1.5483018e+01   1.1063903e+01   1.1094167e+01   1.9000000e+00   4.9754065e+00   6.0000000e+00   3.0000000e+00   1.7147416e+03   1.7206441e+03   4.0838667e+02   4.1850814e+02   1.0245177e+03   5.8686588e+01   1.3641249e+01   2.8576322e-02   3.7647500e+00
   1.2443778e+02   4.6348611e+01   5.9900000e+01   1.3445667e+02  -3.2772347e+01   5.4308201e+04   1.2379679e+00   9.7058506e+01   3.2910833e+01  -2.2375029e-02   9.4734336e+00   1.1215101e+01   1.1289306e+01   1.9000000e+00   4.8855454e+00   6.0000000e+00   3.0000000e+00   1.7262733e+03   1.7248724e+03   4.0954457e+02   4.2415120e+02   1.0351401e+03   5.8773870e+01   1.3840237e+01   2.9587746e-02   3.8893611e+00
   1.2420389e+02   4.6445000e+01   5.0700000e+01   1.3507611e+02  -3.3101661e+01   5.5113803e+04   1.2491479e+00   9.4454972e+01   3.3241111e+01  -2.2917779e-02   7.5239852e+00   1.1353109e+01   1.1378611e+01   1.9000000e+00   4.7686009e+00   6.0000000e+00   3.0000000e+00   1.7459217e+03   1.7454644e+03   4.2697991e+02   4.3469792e+02   1.0260396e+03   5.9036244e+01   1.4613900e+01   3.4796580e-02   3.0940000e+00
   1.2451944e+02   4.7907222e+01   5.3900000e+01   1.8920111e+02  -3.3500533e+01   6.0273662e+04   1.1091687e+00   9.3012759e+01   3.3693889e+01  -3.1067501e-02   2.6323049e+00   1.1407408e+01   1.1407222e+01   1.9000000e+00   4.6353746e+00   6.0000000e+00   3.0000000e+00   1.7672847e+03   1.8380721e+03   4.2863391e+02   4.5023148e+02   8.6167751e+02   5.9901135e+01   1.5823374e+01   6.3462751e-02   1.9877778e+00
   1.2415333e+02   4.6214167e+01   8.0800000e+01   1.3420333e+02  -3.2923692e+01   5.6448528e+04   1.2709958e+00   9.6685827e+01   3.3060833e+01  -2.0946251e-02   1.2296634e-01   1.1635112e+01   1.1775417e+01   1.9000000e+00   4.7433232e+00   6.0000000e+00   3.0000000e+00   1.7444911e+03   1.7320092e+03   4.1584482e+02   4.3492400e+02   1.0520228e+03   5.8916086e+01   1.4628857e+01   3.2749928e-02   3.3499167e+00
   1.2541167e+02   4.7122778e+01   5.1700000e+01   1.8621167e+02  -3.2485567e+01   5.6532720e+04   1.0982027e+00   1.0368405e+02   3.2666944e+01  -2.8766277e-02   2.0521192e+01   1.1001000e+01   1.1000000e+01   1.9000000e+00   5.0000000e+00   6.0000000e+00   3.0000000e+00   1.6768876e+03   1.7289327e+03   3.4848455e+02   4.0507658e+02   9.4573512e+02   5.8615016e+01   1.4416221e+01   2.3189646e-02   3.3489444e+00
   1.2489583e+02   4.7263611e+01   6.5900000e+01   1.6563250e+02  -3.2899317e+01   5.6044894e+04   1.1301192e+00   9.7771761e+01   3.3065694e+01  -2.8612362e-02   1.1940493e+01   1.1001000e+01   1.1000000e+01   1.9000000e+00   4.9346008e+00   6.0000000e+00   3.0000000e+00   1.7183387e+03   1.7674614e+03   3.8727257e+02   4.2313318e+02   9.3184891e+02   5.9097499e+01   1.5455929e+01   3.9654265e-02   3.1660278e+00
   1.2527778e+02   4.6043611e+01   7.9000000e+01   1.5157111e+02  -3.2071231e+01   4.8118286e+04   1.1946361e+00   1.0695565e+02   3.2222222e+01  -2.1311973e-02   2.7372660e-01   1.1458302e+01   1.1684583e+01   1.9000000e+00   5.0000000e+00   6.0000000e+00   3.0000000e+00   1.6558505e+03   1.6538366e+03   3.7029170e+02   3.9398650e+02   1.0662506e+03   5.7936271e+01   1.3041363e+01   1.7956939e-02   3.5666667e+00
   1.2518861e+02   4.5710278e+01   7.9000000e+01   1.4699056e+02  -3.2064403e+01   4.8929757e+04   1.1803630e+00   1.0907266e+02   3.2210278e+01  -1.8384806e-02  -7.2476972e+00   1.1792302e+01   1.2184583e+01   1.9000000e+00   5.0000000e+00   6.0000000e+00   3.0000000e+00   1.6543936e+03   1.6343469e+03   3.7824943e+02   3.9325674e+02   1.1036096e+03   5.7763458e+01   1.2807043e+01   1.6844169e-02   3.7653055e+00
   1.2492611e+02   4.6723889e+01   7.5200000e+01   1.5078056e+02  -3.2532833e+01   5.3885033e+04   1.1701116e+00   9.9215562e+01   3.2685833e+01  -2.5698389e-02   1.9150318e+01   1.1001000e+01   1.1000000e+01   1.9000000e+00   5.0000000e+00   6.0000000e+00   3.0000000e+00   1.6999153e+03   1.7246671e+03   3.8346178e+02   4.1346813e+02   9.9170832e+02   5.8668765e+01   1.4185034e+01   2.9767329e-02   3.4930555e+00
   1.2523500e+02   4.6036944e+01   7.6600000e+01   1.5040556e+02  -3.2114931e+01   4.8110800e+04   1.1985568e+00   1.0642965e+02   3.2265000e+01  -2.1179640e-02   7.3674375e-01   1.1464982e+01   1.1694583e+01   1.9000000e+00   5.0000000e+00   6.0000000e+00   3.0000000e+00   1.6588624e+03   1.6557620e+03   3.7375183e+02   3.9521266e+02   1.0671275e+03   5.7961384e+01   1.3051580e+01   1.8501536e-02   3.5795000e+00
   1.2359500e+02   4.7149167e+01   6.2900000e+01   1.6057333e+02  -3.3739033e+01   5.8041096e+04   1.2261902e+00   8.5379349e+01   3.3905000e+01  -2.7573250e-02   3.9133622e+00   1.1908715e+01   1.1905000e+01   1.3871583e+00   4.4016246e+00   6.0000000e+00   3.0000000e+00   1.8099788e+03   1.8317223e+03   4.7800857e+02   4.7174079e+02   9.5232994e+02   6.0059275e+01   2.0013030e+01   6.8566613e-02   1.0968333e+00
   1.2364000e+02   4.6706667e+01   5.4100000e+01   1.4371333e+02  -3.3711733e+01   5.6921022e+04   1.2586693e+00   8.7853024e+01   3.3860000e+01  -2.4304001e-02   3.6360506e+00   1.1863580e+01   1.1860000e+01   1.7367333e+00   4.4866565e+00   6.0000000e+00   3.0000000e+00   1.7948065e+03   1.7973217e+03   4.6399947e+02   4.6223867e+02   1.0009485e+03   5.9689387e+01   1.7487207e+01   5.2338775e-02   1.3953333e+00
   1.2366111e+02   4.6565556e+01   5.8900000e+01   1.3833000e+02  -3.3696267e+01   5.7458933e+04   1.2687733e+00   8.9557835e+01   3.3838889e+01  -2.3268890e-02   1.3978795e-01   1.1842406e+01   1.1838889e+01   1.8482111e+00   4.4972121e+00   6.0000000e+00   3.0000000e+00   1.7894631e+03   1.7859545e+03   4.5919304e+02   4.5892636e+02   1.0164063e+03   5.9572647e+01   1.6661057e+01   4.7048352e-02   1.5087778e+00
   1.2369528e+02   4.7406667e+01   6.9800000e+01   1.6852500e+02  -3.3681467e+01   5.9228922e+04   1.2025507e+00   8.5903482e+01   3.3855694e+01  -2.9410916e-02   1.9651432e+00   1.1808136e+01   1.1804722e+01   1.2642694e+00   4.3894222e+00   6.0000000e+00   3.0000000e+00   1.8096146e+03   1.8446553e+03   4.7733545e+02   4.7189404e+02   9.2312744e+02   6.0178186e+01   2.0821086e+01   7.4590369e-02   1.2238055e+00
   1.2369083e+02   4.6968889e+01   7.1500000e+01   1.5362694e+02  -3.3650411e+01   5.6875881e+04   1.2365181e+00   8.6619497e+01   3.3809167e+01  -2.6326583e-02   6.4527001e+00   1.1812594e+01   1.1809167e+01   1.5295778e+00   4.4813270e+00   6.0000000e+00   3.0000000e+00   1.7980075e+03   1.8131564e+03   4.6841531e+02   4.6463548e+02   9.7160584e+02   5.9841923e+01   1.8746959e+01   6.0631928e-02   1.4276944e+00
   1.2369667e+02   4.7294722e+01   5.6400000e+01   1.6600278e+02  -3.3631544e+01   5.8622150e+04   1.2111419e+00   8.6111018e+01   3.3803333e+01  -2.8776749e-02   3.1305363e+00   1.1806743e+01   1.1803333e+01   1.2721694e+00   4.4140055e+00   6.0000000e+00   3.0000000e+00   1.8062682e+03   1.8361989e+03   4.7677696e+02   4.7000616e+02   9.3553843e+02   6.0090161e+01   2.0487655e+01   7.1915830e-02   1.3131111e+00
   1.2369528e+02   4.7009167e+01   4.8700000e+01   1.5515306e+02  -3.3644356e+01   5.7084264e+04   1.2332417e+00   8.6592680e+01   3.3804722e+01  -2.6633556e-02   6.0683893e+00   1.1808136e+01   1.1804722e+01   1.4977583e+00   4.4746008e+00   6.0000000e+00   3.0000000e+00   1.7987505e+03   1.8157862e+03   4.6926224e+02   4.6514400e+02   9.6712184e+02   5.9869602e+01   1.8950747e+01   6.1963206e-02   1.4235833e+00
   1.2375722e+02   4.6793889e+01   6.3200000e+01   1.4691056e+02  -3.3591022e+01   5.5892248e+04   1.2475419e+00   8.7653433e+01   3.3742778e+01  -2.5087112e-02   8.3718471e+00   1.1746006e+01   1.1742778e+01   1.6678278e+00   4.5452676e+00   6.0000000e+00   3.0000000e+00   1.7883768e+03   1.7966983e+03   4.6043857e+02   4.5884982e+02   9.9050016e+02   5.9653139e+01   1.7599428e+01   5.3384406e-02   1.6769444e+00
   1.2376056e+02   4.6780000e+01   6.2800000e+01   1.4637944e+02  -3.3588244e+01   5.5938482e+04   1.2484894e+00   8.7829461e+01   3.3739444e+01  -2.4986612e-02   8.0525402e+00   1.1742663e+01   1.1739444e+01   1.6788000e+00   4.5469343e+00   6.0000000e+00   3.0000000e+00   1.7877571e+03   1.7955058e+03   4.5990254e+02   4.5847142e+02   9.9201299e+02   5.9640604e+01   1.7514274e+01   5.2842258e-02   1.6915000e+00
   1.2457500e+02   4.6008333e+01   9.5000000e+01   1.3468333e+02  -3.2371750e+01   5.5143990e+04   1.2533151e+00   1.0173547e+02   3.2508333e+01  -1.9754167e-02   2.7484322e+00   1.1493650e+01   1.1737500e+01   1.9000000e+00   4.9541565e+00   6.0000000e+00   3.0000000e+00   1.7081940e+03   1.6924929e+03   3.8732200e+02   4.1626325e+02   1.0722870e+03   5.8420534e+01   1.3394309e+01   2.3839881e-02   4.4858333e+00
   1.2485833e+02   4.6458333e+01   8.4000000e+01   1.4398333e+02  -3.2494917e+01   5.1851398e+04   1.1960116e+00   9.9567105e+01   3.2641667e+01  -2.3999167e-02   1.4656221e+01   1.1042750e+01   1.1062500e+01   1.9000000e+00   5.0000000e+00   6.0000000e+00   3.0000000e+00   1.6973750e+03   1.7085779e+03   3.8941300e+02   4.1141992e+02   1.0214092e+03   5.8526076e+01   1.3569104e+01   2.5437106e-02   3.6925000e+00
   1.2496667e+02   4.5900000e+01   7.5400000e+01   1.4286667e+02  -3.2256667e+01   5.1073500e+04   1.2142348e+00   1.0550916e+02   3.2400000e+01  -1.9560001e-02  -4.7976645e-01   1.1602200e+01   1.1900000e+01   1.9000000e+00   5.0000000e+00   6.0000000e+00   3.0000000e+00   1.6757013e+03   1.6612067e+03   3.8638200e+02   4.0224667e+02   1.0831827e+03   5.8054689e+01   1.3069021e+01   2.0407160e-02   3.8866666e+00
   1.2635000e+02   4.5966667e+01   8.0400000e+01   1.5578333e+02  -3.1477333e+01   5.7529495e+04   1.0762897e+00   1.1035231e+02   3.1632000e+01  -2.1663334e-02  -6.3036348e+00   1.2380817e+01   1.1850000e+01   1.9000000e+00   5.0000000e+00   6.0000000e+00   3.0000000e+00   1.5732965e+03   1.5873580e+03   2.9467450e+02   3.6988100e+02   1.0650860e+03   5.7129365e+01   1.2283263e+01   1.2371658e-02   2.4900000e+00
   1.2582500e+02   4.5775000e+01   4.5200000e+01   1.5520000e+02  -3.1623000e+01   4.7993384e+04   1.1352204e+00   1.1279856e+02   3.1775750e+01  -1.9417501e-02  -1.0580462e+01   1.2049850e+01   1.1925000e+01   1.9000000e+00   5.0000000e+00   6.0000000e+00   3.0000000e+00   1.6078027e+03   1.6023357e+03   3.3909450e+02   3.7734175e+02   1.0900093e+03   5.7361114e+01   1.2531904e+01   1.3077292e-02   3.0775000e+00
   1.2572083e+02   4.7054167e+01   5.6100000e+01   1.8693750e+02  -3.2372000e+01   5.6545015e+04   1.0777813e+00   1.0716292e+02   3.2554167e+01  -2.9033749e-02   1.5575318e+01   1.1221612e+01   1.1220833e+01   1.9000000e+00   5.0000000e+00   6.0000000e+00   3.0000000e+00   1.6520695e+03   1.7068376e+03   3.2489067e+02   3.9762617e+02   9.5299504e+02   5.8349714e+01   1.3964057e+01   1.9344667e-02   3.1683333e+00
   1.2573750e+02   4.8025000e+01   4.4400000e+01   2.5618750e+02  -3.2773000e+01   5.9766070e+04   9.9907669e-01   1.0408412e+02   3.3025000e+01  -3.4927500e-02   1.3776307e+01   1.1762212e+01   1.1762500e+01   1.9000000e+00   5.0000000e+00   6.0000000e+00   3.0000000e+00   1.6857979e+03   1.7846944e+03   3.4617988e+02   4.1683663e+02   8.4492388e+02   5.9043449e+01   1.4893992e+01   2.5603048e-02   1.5600000e+00
   1.2438750e+02   4.6633333e+01   6.9500000e+01   1.3982500e+02  -3.2978000e+01   5.3665674e+04   1.2199876e+00   9.3944369e+01   3.3122917e+01  -2.4534584e-02   1.4848166e+01   1.1113837e+01   1.1112500e+01   1.8111250e+00   4.8518032e+00   6.0000000e+00   3.0000000e+00   1.7370556e+03   1.7482349e+03   4.2406437e+02   4.2976175e+02   1.0039203e+03   5.9018762e+01   1.4749018e+01   3.6755375e-02   3.4345833e+00
   1.3200833e+02   4.7008333e+01   4.6500000e+01   8.0616667e+01  -3.3925250e+01   5.1583937e+04   7.6518107e-01   1.2746991e+02   3.4004917e+01  -3.7535834e-02  -4.7959328e+00   1.1998967e+01   1.2000000e+01   1.9000000e+00   5.0000000e+00   5.0000000e+00   3.0000000e+00   1.2098834e+03   1.4254153e+03   6.2798250e+01   4.9655275e+02   9.0752183e+02   5.3826305e+01   1.0176537e+01   1.1709666e-02   2.0166667e-01
