   1.2251033e+02   4.2889070e+01   6.8000000e+01   1.5187309e+02  -3.2621889e+01   6.1380361e+04   1.1230892e+00   1.0042217e+02   3.2777038e+01  -1.7767371e-02   8.1847045e+00   1.1504000e+01   1.2000000e+01   1.9000000e+00   5.0000000e+00   5.9896700e+00   3.0000000e+00   1.5842118e+03   1.6421955e+03   6.7328169e+01   4.9087526e+02   1.2420310e+03   5.7383535e+01   1.0735737e+01   8.6361914e-03   9.5016301e-01
   1.2555397e+02   4.3955509e+01   8.5000000e+01   2.3512298e+02  -3.2870254e+01   6.2815828e+04   1.0066796e+00   1.1073684e+02   3.3109211e+01  -1.3451819e-02   1.0090656e+01   1.2544224e+01   1.2227754e+01   1.9000000e+00   5.0000000e+00   5.0000000e+00   1.9702580e+00   1.5213333e+03   1.4911695e+03   2.2816026e+02   3.3169432e+02   1.0706117e+03   5.6301767e+01   1.1096723e+01   8.1029763e-03   6.9566288e-01
   1.2578850e+02   4.3950022e+01   6.4600000e+01   2.5737872e+02  -3.2946260e+01   6.4316446e+04   9.8507794e-01   1.0992707e+02   3.3209108e+01  -1.3816642e-02   1.0421275e+01   1.2549678e+01   1.2225011e+01   1.9000000e+00   5.0000000e+00   5.0000000e+00   2.0286852e+00   1.5103117e+03   1.4753929e+03   2.4273749e+02   3.2179908e+02   1.0540381e+03   5.6130628e+01   1.1014146e+01   7.8278600e-03   6.6617418e-01
   1.2461036e+02   4.3790405e+01   7.5000000e+01   1.9702727e+02  -3.0543901e+01   6.3436671e+04   1.0795532e+00   1.0885064e+02   3.0742729e+01  -1.3977820e-02   1.3697098e+01   1.2708337e+01   1.2145202e+01   1.9000000e+00   5.0000000e+00   5.0000000e+00   1.9352913e+00   1.5506932e+03   1.5430382e+03   1.7506123e+02   3.7458342e+02   1.1266933e+03   5.6859710e+01   1.1302786e+01   9.1545037e-03   2.2023915e+00
   1.2437628e+02   4.3793464e+01   9.0000000e+01   1.8334055e+02  -3.0491998e+01   6.1314919e+04   1.1009321e+00   1.0895856e+02   3.0677049e+01  -1.3689379e-02   6.0014470e+00   1.2828646e+01   1.2084872e+01   1.9000000e+00   5.0000000e+00   5.0000000e+00   2.2494373e+00   1.5622949e+03   1.5588302e+03   1.7008186e+02   3.8737328e+02   1.1432117e+03   5.7041622e+01   1.1395371e+01   9.6832916e-03   2.2265032e+00
   1.2367802e+02   4.4164352e+01   6.6000000e+01   1.5160570e+02  -3.1827712e+01   5.8930755e+04   1.1670725e+00   1.0649168e+02   3.1983257e+01  -1.2039814e-02  -3.2731671e+00   1.2763654e+01   1.2000000e+01   1.9000000e+00   5.0000000e+00   5.0000000e+00   3.0000000e+00   1.6294562e+03   1.6281402e+03   2.0726436e+02   4.3477854e+02   1.2118987e+03   5.7585540e+01   1.2033385e+01   1.2769338e-02   2.3992616e+00
   1.2392217e+02   4.4709516e+01   5.8390000e+01   1.6079478e+02  -3.2440493e+01   5.8510352e+04   1.2008560e+00   1.0363092e+02   3.2605284e+01  -1.2682667e-02  -1.9498417e+00   1.2579097e+01   1.2211085e+01   1.9000000e+00   5.0000000e+00   5.2095160e+00   3.0000000e+00   1.6652861e+03   1.6454007e+03   2.6794358e+02   4.2942948e+02   1.1904348e+03   5.7888177e+01   1.2650330e+01   1.5659053e-02   2.9923300e+00
   1.2415633e+02   4.4525099e+01   5.8040000e+01   1.7260834e+02  -3.2033732e+01   5.6745902e+04   1.1754992e+00   1.0851337e+02   3.2209734e+01  -1.3470318e-02  -1.0564349e+01   1.2345639e+01   1.2328165e+01   1.9000000e+00   5.0000000e+00   5.0250990e+00   3.0000000e+00   1.6377446e+03   1.6183698e+03   2.4812718e+02   4.1529719e+02   1.1939510e+03   5.7693979e+01   1.2185743e+01   1.2992828e-02   3.5499475e+00
   1.2732815e+02   4.5724776e+01   6.2800000e+01   2.2500549e+02  -3.1490091e+01   5.8230749e+04   9.0187006e-01   1.0999618e+02   3.1720919e+01  -2.5531546e-02  -2.0632483e+01   1.2771348e+01   1.2000000e+01   1.9000000e+00   5.0000000e+00   5.1718500e+00   2.7141993e+00   1.4927654e+03   1.5144974e+03   2.3816806e+02   3.5831902e+02   1.0407444e+03   5.6292083e+01   1.2134994e+01   1.2052792e-02   5.5478080e-01
   1.2637266e+02   4.5939282e+01   8.0400000e+01   1.5557843e+02  -3.1458712e+01   5.7658374e+04   1.0729857e+00   1.1041243e+02   3.1613105e+01  -2.1420170e-02  -6.8500646e+00   1.2430702e+01   1.1872660e+01   1.9000000e+00   5.0000000e+00   6.0000000e+00   3.0000000e+00   1.5708693e+03   1.5839812e+03   2.9397555e+02   3.6907252e+02   1.0676773e+03   5.7093845e+01   1.2247650e+01   1.2207298e-02   2.4591246e+00
   1.2490937e+02   4.5790876e+01   7.5400000e+01   1.4116964e+02  -3.2149780e+01   5.2356029e+04   1.2094785e+00   1.0634421e+02   3.2290876e+01  -1.8551138e-02  -3.1173066e+00   1.1711542e+01   1.2063686e+01   1.9000000e+00   5.0000000e+00   6.0000000e+00   3.0000000e+00   1.6776353e+03   1.6568918e+03   3.7911867e+02   4.0327737e+02   1.0954681e+03   5.8018759e+01   1.3040993e+01   1.9333921e-02   4.1867708e+00
   1.2467256e+02   4.5976836e+01   8.0800000e+01   1.3670366e+02  -3.2338616e+01   5.4719308e+04   1.2442128e+00   1.0272485e+02   3.2476836e+01  -1.9668347e-02   3.6471722e+00   1.1525210e+01   1.1784746e+01   1.9000000e+00   5.0000000e+00   6.0000000e+00   3.0000000e+00   1.6999986e+03   1.6843788e+03   3.8682062e+02   4.1273504e+02   1.0755022e+03   5.8317922e+01   1.3310553e+01   2.2927940e-02   4.3442588e+00
   1.2443416e+02   4.6162319e+01   9.5000000e+01   1.3371512e+02  -3.2591536e+01   5.5186643e+04   1.2526395e+00   9.9102700e+01   3.2728159e+01  -2.0824824e-02   4.2353929e+00   1.1405394e+01   1.1572361e+01   1.9000000e+00   4.8837365e+00   6.0000000e+00   3.0000000e+00   1.7223408e+03   1.7118301e+03   3.9869375e+02   4.2278203e+02   1.0558545e+03   5.8645956e+01   1.3738586e+01   2.7301104e-02   4.1962897e+00
   1.2493474e+02   4.6519412e+01   8.4200000e+01   1.4671089e+02  -3.2425883e+01   5.2254635e+04   1.1852122e+00   1.0027812e+02   3.2574966e+01  -2.4589299e-02   1.4837289e+01   1.1001000e+01   1.1000000e+01   1.9000000e+00   5.0000000e+00   6.0000000e+00   3.0000000e+00   1.6933055e+03   1.7088200e+03   3.8235749e+02   4.0988085e+02   1.0143760e+03   5.8516408e+01   1.3629764e+01   2.5035292e-02   3.6540484e+00
   1.2444858e+02   4.6708829e+01   6.9500000e+01   1.4031097e+02  -3.2984920e+01   5.3950277e+04   1.2092954e+00   9.4404669e+01   3.3130124e+01  -2.4894838e-02   1.4501233e+01   1.1052574e+01   1.1051420e+01   1.8593782e+00   4.8618027e+00   6.0000000e+00   3.0000000e+00   1.7348488e+03   1.7505228e+03   4.1967864e+02   4.2838119e+02   9.9509641e+02   5.9028039e+01   1.4601258e+01   3.6661760e-02   3.5146708e+00
   1.2569800e+02   4.7050634e+01   5.6100000e+01   1.8683643e+02  -3.2368609e+01   5.6168354e+04   1.0799929e+00   1.0724699e+02   3.2550634e+01  -2.8964086e-02   1.5487785e+01   1.1198802e+01   1.1198000e+01   1.9000000e+00   5.0000000e+00   6.0000000e+00   3.0000000e+00   1.6536428e+03   1.7078015e+03   3.2660900e+02   3.9794618e+02   9.5339557e+02   5.8363231e+01   1.3980522e+01   1.9405025e-02   3.1918732e+00
   1.2574507e+02   4.7960574e+01   4.4400000e+01   2.5087413e+02  -3.2738864e+01   5.9590167e+04   1.0016004e+00   1.0421998e+02   3.2985217e+01  -3.4614422e-02   1.5027074e+01   1.1705478e+01   1.1705644e+01   1.9000000e+00   5.0000000e+00   6.0000000e+00   3.0000000e+00   1.6827927e+03   1.7790381e+03   3.4317021e+02   4.1531338e+02   8.5209263e+02   5.8991683e+01   1.4865936e+01   2.4935178e-02   1.7074390e+00
   1.2555651e+02   4.9240197e+01   4.1200000e+01   3.1907086e+02  -3.3529072e+01   6.6918995e+04   1.0072697e+00   9.9040287e+01   3.3841843e+01  -3.4503186e-02  -2.8568866e+01   1.1999057e+01   1.2000000e+01   1.9000000e+00   3.8898876e+00   6.0000000e+00   2.2599251e+00   1.7498491e+03   1.8956486e+03   4.2296146e+02   4.7360080e+02   7.0972686e+02   6.0058667e+01   1.6596203e+01   4.6226300e-02   2.7621110e-01
   1.2587787e+02   4.5770574e+01   4.5200000e+01   1.5516459e+02  -3.1586564e+01   4.8765585e+04   1.1306330e+00   1.1266247e+02   3.1739270e+01  -1.9370191e-02  -1.0636217e+01   1.2106732e+01   1.1905204e+01   1.9000000e+00   5.0000000e+00   6.0000000e+00   3.0000000e+00   1.6036534e+03   1.5989392e+03   3.3555865e+02   3.7617631e+02   1.0896169e+03   5.7320796e+01   1.2497653e+01   1.2943901e-02   3.0087690e+00
   1.2489097e+02   4.5244405e+01   7.6040000e+01   1.4803597e+02  -3.2687752e+01   5.4986116e+04   1.1642796e+00   1.0957744e+02   3.2835796e+01  -1.5388080e-02  -7.3061162e+00   1.2003000e+01   1.2500000e+01   1.9000000e+00   5.0000000e+00   5.7444050e+00   2.8295220e+00   1.6592271e+03   1.6193251e+03   3.3697851e+02   3.9375836e+02   1.1228012e+03   5.7652421e+01   1.2626154e+01   1.4992269e-02   4.1557510e+00
