3.636560563565250259e+00
4.714683770734541035e+00
4.235673709068114690e+00
3.166986252922208589e+00
8.548870164603426858e+00
9.232831461041431709e+00
2.414239371178576565e+00
6.970021183002425680e+00
7.898424488215608719e+00
1.970929945761862978e+00
5.288746596441431969e+00
5.714750920731411554e+00
4.005301426850052415e+00
9.444444444444444642e+00
1.016666666666666607e+01
2.000000000000000000e+00
7.530861550730731935e+00
7.722898628174665880e+00
6.617817031049905374e+00
9.393540017923973195e+00
8.768292497284283726e+00
8.064194370000089762e+00
1.009599245661173406e+01
1.441233739291182481e+00
4.161704607286738522e+00
5.085061519889017001e-01
