3.567452852952528453e+00
4.761443335406435828e+00
4.322131253034712017e+00
3.058950658434354430e+00
8.596984779560223444e+00
9.585990345331175888e+00
2.411507562134016069e+00
6.991136305586189259e+00
8.111996434172100479e+00
7.538620832286968554e-01
5.131255346615635204e+00
5.726683752660020943e+00
4.124732282785093851e+00
9.475555555555551734e+00
9.908333333333331439e+00
2.000000000000000000e+00
7.617325404849098369e+00
8.251518162528451938e+00
6.893222259817936681e+00
9.666149771494554344e+00
8.625401647900368118e+00
8.073450386796865885e+00
1.412538867474098181e+00
1.646125108336051079e+00
1.641247229303503863e+00
5.059853053962464209e-01
