   3.6666870e+00   3.6500122e+01   9.4722199e+01   5.0273401e+02  -3.0133400e+01   4.4918801e+04   1.0269949e+00   1.2383000e+02   2.7139999e+01  -1.5000000e-02   1.1363000e+01   6.9980000e+00   7.0000000e+00   1.9400001e+00   1.0000000e+00   5.0000000e+00   3.0000000e+00   8.5758000e+02   1.2235400e+03   3.1230000e+02   7.8255000e+02   3.9918000e+02   1.3729530e+01
   4.6666870e+00   3.6500122e+01   9.5500000e+01   5.4135400e+02  -3.5094799e+01   5.4790801e+04   1.0254275e+00   9.7308296e+01   2.8570000e+01  -2.6400000e-02   2.7232000e+01   7.0050000e+00   7.0000000e+00   1.9400001e+00   1.0000000e+00   5.0000000e+00   3.0000000e+00   7.6956000e+02   1.1435500e+03   2.2751000e+02   7.5414000e+02   4.8844000e+02   1.3583078e+01
   6.6666870e+00   4.9500122e+01   8.2664001e+01   2.6595401e+02  -3.3205200e+01   1.0748500e+05   1.2377624e+00   9.8404999e+01   3.1370001e+01  -2.0300001e-02  -1.0020300e+01   9.5010000e+00   1.0000000e+01   1.9400001e+00   1.0000000e+00   4.0000000e+00   3.0000000e+00   1.4115300e+03   1.2159200e+03   3.7540000e+01   6.2169000e+02   1.5824900e+03   7.0710678e-01
   2.6666870e+00   4.9500122e+01   8.4651901e+01   8.8769501e+01  -3.5335999e+01   1.0808800e+05   1.4902031e+00   9.4289299e+01   3.3689999e+01   7.4000000e-03   2.1526699e+01   1.0001000e+01   1.1000000e+01   1.9400001e+00   1.0000000e+00   4.0000000e+00   3.0000000e+00   1.5845800e+03   1.4779300e+03   1.9852000e+02   7.1127000e+02   1.4548700e+03   4.5276926e+00
   4.6666870e+00   4.9500122e+01   8.5256103e+01   1.3002699e+02  -3.2639500e+01   1.3267900e+05   1.3603213e+00   9.3080101e+01   3.4169998e+01   9.4000000e-03   5.1565099e+00   1.0995000e+01   1.1010000e+01   1.9400001e+00   1.0000000e+00   4.0000000e+00   3.0000000e+00   1.5050200e+03   1.3658500e+03   1.7432000e+02   6.5049000e+02   1.4942400e+03   2.5495098e+00
   5.6666870e+00   4.9500122e+01   8.2618202e+01   2.4728400e+02  -3.3223202e+01   1.4358900e+05   1.2829988e+00   9.7709999e+01   3.2279999e+01   6.7000000e-03  -5.9255700e+00   1.0995000e+01   1.1010000e+01   1.9400001e+00   1.0000000e+00   4.0000000e+00   3.0000000e+00   1.4701600e+03   1.3131500e+03   1.4159000e+02   6.2964000e+02   1.5199600e+03   1.5811388e+00
   1.6666870e+00   4.9500122e+01   7.7519699e+01   1.4115100e+02  -3.6140800e+01   1.2964900e+05   1.5319800e+00   8.8187599e+01   3.3689999e+01   7.4000000e-03   6.0039101e+00   1.0001000e+01   1.1000000e+01   1.9400001e+00   1.0000000e+00   4.0000000e+00   3.0000000e+00   1.5845800e+03   1.4779300e+03   1.9852000e+02   7.1127000e+02   1.4548700e+03   4.5276926e+00
   3.6666870e+00   4.9500122e+01   8.5046997e+01   1.1074800e+02  -3.3746800e+01   1.1784900e+05   1.4293894e+00   9.5510200e+01   3.4169998e+01   9.4000000e-03   2.3321100e+01   1.0995000e+01   1.1010000e+01   1.9400001e+00   1.0000000e+00   4.0000000e+00   3.0000000e+00   1.5050200e+03   1.3658500e+03   1.7432000e+02   6.5049000e+02   1.4942400e+03   2.5495098e+00
   9.6666870e+00   4.8500122e+01   8.4053001e+01   6.9166803e+02  -3.2208401e+01   4.6494699e+04   1.2197949e+00   7.0053001e+01   2.7280001e+01  -1.9500000e-02  -4.1989102e+00   9.0000000e+00   9.0000000e+00   1.9400001e+00   1.0000000e+00   6.0000000e+00   3.0000000e+00   1.2349000e+03   1.0390400e+03   1.9500000e+01   5.8376000e+02   1.5678300e+03   2.9154759e+00
   8.6666870e+00   4.8500122e+01   8.7608704e+01   5.9967297e+02  -3.1534300e+01   5.1936102e+04   1.2420093e+00   9.3115700e+01   2.6740000e+01  -2.7300000e-02   6.1948500e+00   9.0000000e+00   9.0000000e+00   1.9400001e+00   1.0000000e+00   6.0000000e+00   3.0000000e+00   1.2815200e+03   1.0834500e+03   3.2410000e+01   5.7634000e+02   1.5252100e+03   2.1213203e+00
   9.6666870e+00   4.7500122e+01   8.1906097e+01   5.1254401e+02  -4.3170299e+01   5.1556000e+04   1.2240888e+00   3.3119600e+00   3.3790001e+01  -9.4000000e-03  -1.8309401e+01   1.3500000e+01   1.4000000e+01   1.9400001e+00   1.0000000e+00   6.0000000e+00   3.0000000e+00   1.1486000e+03   9.5005000e+02   8.1850000e+01   5.2857000e+02   1.4801200e+03   3.5355339e+00
   6.6668701e-01   4.7500122e+01   8.3211899e+01   8.1448898e+01  -3.8945400e+01   1.2670400e+05   1.3948238e+00   1.0331500e+02   3.3200001e+01   2.7000000e-03   3.9470899e+00   9.4990000e+00   1.0000000e+01   1.9400001e+00   1.0000000e+00   4.0000000e+00   3.0000000e+00   1.5164700e+03   1.4905600e+03   5.1430000e+01   6.8023000e+02   1.2111600e+03   6.9641941e+00
   1.6666870e+00   4.7500122e+01   9.0726601e+01   8.5688500e+01  -3.7263199e+01   1.3567600e+05   1.3611712e+00   9.5679199e+01   3.3169998e+01   1.8000000e-03  -2.1265301e+01   9.4990000e+00   1.0000000e+01   1.9400001e+00   1.0000000e+00   4.0000000e+00   3.0000000e+00   1.4625300e+03   1.4229800e+03   1.2006000e+02   6.3361000e+02   1.2220500e+03   6.0415230e+00
   8.6666870e+00   4.7500122e+01   8.5423401e+01   4.4109399e+02  -3.7941399e+01   5.5296000e+04   1.2495313e+00   3.2264301e+01   3.1250000e+01  -1.7300000e-02  -2.6642500e+01   1.3500000e+01   1.4000000e+01   1.9400001e+00   1.0000000e+00   6.0000000e+00   3.0000000e+00   1.1771500e+03   9.9932000e+02   1.6370000e+01   5.2489000e+02   1.4340500e+03   2.9154759e+00
   6.6668701e-01   4.6500122e+01   8.6647903e+01   1.1366300e+02  -3.8849602e+01   1.5450500e+05   1.3255763e+00   1.0268900e+02   3.2070000e+01  -6.6000000e-03  -1.3633400e+01   9.4990000e+00   1.0000000e+01   1.9400001e+00   1.0000000e+00   4.0000000e+00   3.0000000e+00   1.4430700e+03   1.4469400e+03   1.2200000e+02   6.3141000e+02   1.1005700e+03   7.3824115e+00
   6.6666870e+00   4.6500122e+01   8.5752602e+01   7.0927399e+02  -4.0550701e+01   5.8369102e+04   1.1610469e+00   4.5226700e+01   3.3169998e+01  -1.9099999e-02   1.1359500e+01   1.0000000e+01   1.0003000e+01   1.9400001e+00   1.0000000e+00   6.0000000e+00   3.0000000e+00   1.1416800e+03   1.0403900e+03   1.0321000e+02   4.7608000e+02   1.2566000e+03   3.5355339e+00
   4.6666870e+00   4.6500122e+01   9.4113701e+01   4.2685901e+02  -3.8110001e+01   5.5799699e+04   1.1417394e+00   8.7090897e+01   2.8610001e+01  -2.5400000e-02   8.8678200e-01   9.9970000e+00   1.0000000e+01   1.9400001e+00   1.0000000e+00   4.0000000e+00   3.0000000e+00   1.2284400e+03   1.1697100e+03   8.0900000e+00   4.8883000e+02   1.1838700e+03   4.3011626e+00
   1.6666870e+00   4.6500122e+01   9.2838898e+01   2.3888200e+02  -3.9011902e+01   1.3208000e+05   1.2795488e+00   9.2289902e+01   3.1549999e+01  -1.1000000e-02  -1.9383499e+01   9.4990000e+00   1.0000000e+01   1.9400001e+00   1.0000000e+00   4.0000000e+00   3.0000000e+00   1.3852300e+03   1.3759100e+03   1.5124000e+02   5.9045000e+02   1.1127500e+03   6.5192024e+00
   5.6666870e+00   4.6500122e+01   9.0027496e+01   3.4157800e+02  -3.6905201e+01   5.7184699e+04   1.1325731e+00   8.8183502e+01   3.3169998e+01  -1.9099999e-02   1.6257299e+01   1.0000000e+01   1.0003000e+01   1.9400001e+00   1.0000000e+00   6.0000000e+00   3.0000000e+00   1.1416800e+03   1.0403900e+03   1.0321000e+02   4.7608000e+02   1.2566000e+03   3.5355339e+00
   3.6666870e+00   4.6500122e+01   9.6432999e+01   2.4131200e+02  -3.9830002e+01   5.7466102e+04   1.1475426e+00   7.7482902e+01   2.8000000e+01  -2.8500000e-02   1.2214400e+01   9.5030000e+00   1.0000000e+01   1.9400001e+00   1.0000000e+00   4.0000000e+00   3.0000000e+00   1.2775600e+03   1.2370900e+03   7.8400000e+00   5.0747000e+02   1.1547100e+03   4.9497475e+00
   8.6666870e+00   4.5500122e+01   6.6376999e+01   1.5547200e+02  -3.2750198e+01   5.6299602e+04   1.2589400e+00   8.5119400e+00   3.1049999e+01  -3.8100000e-02   7.3714600e-01   1.0001000e+01   1.0000000e+01   1.9400001e+00   1.0000000e+00   3.0000000e+00   3.0000000e+00   9.7116000e+02   8.4985000e+02   9.5960000e+01   4.4835000e+02   1.2612800e+03   4.7434165e+00
   6.6668701e-01   4.5500122e+01   8.6558502e+01   1.7155200e+02  -3.8455101e+01   1.2358600e+05   1.2711338e+00   9.4655197e+01   3.0260000e+01  -1.5200000e-02  -1.8112400e+00   9.9990000e+00   1.0000000e+01   1.9400001e+00   1.0000000e+00   4.0000000e+00   3.0000000e+00   1.3746800e+03   1.4106400e+03   1.5506000e+02   5.9820000e+02   9.9013000e+02   7.9056942e+00
   5.6666870e+00   4.5500122e+01   8.4897903e+01   3.3259201e+02  -4.0630901e+01   5.2806500e+04   1.1782306e+00   5.2567799e+01   3.0670000e+01  -1.7300000e-02  -1.0548700e+01   8.0030000e+00   1.0000000e+01   1.9400001e+00   1.0000000e+00   6.0000000e+00   3.0000000e+00   1.0931100e+03   1.0486200e+03   5.6220000e+01   4.5433000e+02   1.1212700e+03   4.7434165e+00
   2.6666870e+00   4.4500122e+01   8.6558601e+01   5.7420801e+02  -4.2862301e+01   4.6611102e+04   1.1836450e+00   7.3336601e+01   3.0230000e+01  -3.1700000e-02  -4.6050301e+00   9.0000000e+00   9.0040000e+00   1.9400001e+00   1.0000000e+00   6.0000000e+00   2.0000000e+00   1.1819700e+03   1.2282400e+03   1.1039000e+02   5.1836000e+02   9.1882000e+02   7.1063352e+00
   9.6666870e+00   4.4500122e+01   6.7031700e+01   7.8942200e+02  -4.3277302e+01   5.1761102e+04   1.2584200e+00   7.2758697e+01   3.3000000e+01  -3.8100000e-02  -1.6926201e+01   1.0001000e+01   1.0000000e+01   1.9400001e+00   1.0000000e+00   6.0000000e+00   3.0000000e+00   8.3772000e+02   7.2100000e+02   1.1960000e+01   3.9074000e+02   1.2394800e+03   6.0415230e+00
   4.6666870e+00   4.4500122e+01   8.6058502e+01   1.5726801e+02  -3.0578501e+01   5.3370801e+04   1.2547107e+00   9.7553299e+01   2.8910000e+01  -2.6000000e-03  -1.0551300e+01   8.0030000e+00   1.0000000e+01   1.9400001e+00   1.0000000e+00   6.0000000e+00   3.0000000e+00   1.0622400e+03   1.0768100e+03   1.0810000e+01   4.6218000e+02   9.8543000e+02   6.0415230e+00
  -3.3331299e-01   4.4500122e+01   8.0664001e+01   7.0524200e+01  -3.4567101e+01   1.0684000e+05   1.2516226e+00   9.8486603e+01   2.7780001e+01  -1.8900000e-02  -2.0766600e+01   9.9990000e+00   1.0000000e+01   1.9400001e+00   1.0000000e+00   6.0000000e+00   3.0000000e+00   1.4497500e+03   1.5379600e+03   1.9808000e+02   6.6960000e+02   8.7243000e+02   1.0124228e+01
   1.6666870e+00   4.3500122e+01   7.8720200e+01   2.1853000e+02  -3.9221401e+01   4.6206801e+04   1.1627950e+00   7.9707901e+01   3.0510000e+01  -6.5000000e-03  -1.1040300e+01   1.3505000e+01   1.4000000e+01   1.9400001e+00   1.0000000e+00   6.0000000e+00   3.0000000e+00   1.1857200e+03   1.2824100e+03   1.5749000e+02   5.4915000e+02   7.8820000e+02   8.5146932e+00
   5.6666870e+00   4.3500122e+01   7.8630096e+01   2.9552499e+02  -3.1027399e+01   5.0576000e+04   1.3934000e+00   1.1822600e+02   2.7870001e+01  -1.6000001e-02  -2.7513299e+00   5.0000000e+00   6.0010000e+00   1.9400001e+00   1.0000000e+00   6.0000000e+00   3.0000000e+00   8.7110000e+02   8.8950000e+02   3.3540000e+01   4.1710000e+02   9.8971000e+02   6.5192024e+00
   4.6666870e+00   4.3500122e+01   8.3308098e+01  -1.1523500e+01  -2.8642300e+01   4.3328602e+04   1.3055600e+00   1.2992400e+02   2.7370001e+01  -2.0600000e-02  -6.7618499e+00   6.9950000e+00   7.0100000e+00   1.9400001e+00   1.0000000e+00   6.0000000e+00   3.0000000e+00   9.8742000e+02   1.0450100e+03   9.7000000e-01   4.6550000e+02   8.9047000e+02   6.9641941e+00
   2.6666870e+00   4.3500122e+01   8.1851997e+01   4.2002399e+02  -3.8725399e+01   3.7497801e+04   1.1683461e+00   7.5517197e+01   3.1129999e+01  -2.9999999e-02  -2.8047400e+00   9.0000000e+00   8.9990000e+00   1.9400001e+00   1.0000000e+00   6.0000000e+00   3.0000000e+00   1.1171800e+03   1.2028800e+03   8.8120000e+01   5.2106000e+02   8.1489000e+02   7.9056942e+00
  -1.3333130e+00   4.3500122e+01   7.4053703e+01   1.0490000e+02  -3.1239901e+01   1.0324200e+05   1.2185007e+00   1.1191300e+02   2.7780001e+01  -1.8900000e-02  -1.4694900e+01   9.9990000e+00   1.0000000e+01   1.9400001e+00   1.0000000e+00   4.0000000e+00   3.0000000e+00   1.4497500e+03   1.5379600e+03   1.9808000e+02   6.6960000e+02   8.7243000e+02   1.0124228e+01
   3.6666870e+00   4.3500122e+01   8.3926697e+01   7.8264801e+01  -3.6062401e+01   4.5842102e+04   1.2257577e+00   1.1792000e+02   2.9629999e+01  -3.7700001e-02  -6.5170398e+00   9.0000000e+00   8.9990000e+00   1.9400001e+00   1.0000000e+00   6.0000000e+00   3.0000000e+00   1.0509200e+03   1.1237100e+03   1.9980000e+01   4.9853000e+02   8.4928000e+02   7.3824115e+00
   2.6666870e+00   4.2500122e+01   7.9927399e+01   8.1847101e+02  -4.6205299e+01   5.1369602e+04   1.1313639e+00   6.9541702e+01   3.4880001e+01  -3.5599999e-02  -5.9278798e+00   9.0000000e+00   8.9990000e+00   1.9400001e+00   1.0000000e+00   6.0000000e+00   3.0000000e+00   1.0600700e+03   1.1873400e+03   7.5120000e+01   5.0927000e+02   7.1317000e+02   8.7464278e+00
  -3.3331299e-01   4.1500122e+01   6.6750397e+01   2.0597900e+02  -4.0285999e+01   4.9298102e+04   1.1619012e+00   8.0838898e+01   3.2500000e+01  -2.8600000e-02   1.9980201e+00   9.9980000e+00   1.0000000e+01   1.9400001e+00   1.0000000e+00   6.0000000e+00   3.0000000e+00   1.1680200e+03   1.3487300e+03   1.3575000e+02   6.0180000e+02   5.5190000e+02   1.0700467e+01
   6.6668701e-01   4.1500122e+01   7.0444397e+01   1.9989400e+02  -3.9191502e+01   5.7487699e+04   1.1358360e+00   9.4740997e+01   3.2500000e+01  -2.8600000e-02  -4.9893899e+00   9.9980000e+00   1.0000000e+01   1.9400001e+00   1.0000000e+00   6.0000000e+00   3.0000000e+00   1.1680200e+03   1.3487300e+03   1.3575000e+02   6.0180000e+02   5.5190000e+02   1.0700467e+01
  -2.3333130e+00   3.9500122e+01   6.5764900e+01   7.6737500e+02  -3.4983898e+01   4.9423301e+04   1.1317112e+00   4.7579300e+01   3.1639999e+01  -1.3000000e-02   3.3411900e+01   1.1505000e+01   1.1490000e+01   1.9400001e+00   1.0000000e+00   5.0000000e+00   3.0000000e+00   1.3737000e+03   1.6246200e+03   1.7914000e+02   7.8876000e+02   3.4231000e+02   1.4159802e+01
  -1.3333130e+00   3.9500122e+01   6.5301102e+01   7.3981702e+02  -4.0300301e+01   4.4797301e+04   1.1069961e+00   4.9544399e+01   3.0000000e+01  -2.8100001e-02  -9.7946700e-01   9.5040000e+00   1.0000000e+01   1.9400001e+00   1.0000000e+00   5.0000000e+00   3.0000000e+00   1.2881300e+03   1.5401600e+03   1.3090000e+02   7.5168000e+02   3.1818000e+02   1.3509256e+01
  -1.3333130e+00   3.8500122e+01   6.6175598e+01   5.0992899e+02  -4.0409000e+01   4.9792699e+04   1.0907892e+00   5.8099098e+01   2.9170000e+01  -9.9000000e-03   3.8986800e+00   9.5040000e+00   1.0000000e+01   1.9400001e+00   1.0000000e+00   5.0000000e+00   3.0000000e+00   1.2822400e+03   1.5640900e+03   4.4120000e+01   8.0346000e+02   2.0883000e+02   1.4300350e+01
  -2.3333130e+00   3.8500122e+01   6.6226501e+01   1.0944800e+03  -3.8356300e+01   5.1960301e+04   1.1042538e+00   6.6227097e+01   3.2430000e+01  -1.7500000e-02   2.4757900e+01   1.1505000e+01   1.1490000e+01   1.9400001e+00   1.0000000e+00   5.0000000e+00   3.0000000e+00   1.3693500e+03   1.6485100e+03   7.9870000e+01   8.3802000e+02   2.4225000e+02   1.4916434e+01
  -3.3331299e-01   4.5500122e+01   8.3659103e+01   4.9435200e+01  -3.8060799e+01   1.5880500e+05   1.2952476e+00   9.6330704e+01   3.0260000e+01  -1.5200000e-02  -1.7305201e+01   9.9990000e+00   1.0000000e+01   1.9400001e+00   1.0000000e+00   4.0000000e+00   3.0000000e+00   1.3746800e+03   1.4106400e+03   1.5506000e+02   5.9820000e+02   9.9013000e+02   7.9056942e+00
   4.6666870e+00   4.5500122e+01   9.0470901e+01   6.3798798e+02  -4.0471100e+01   5.5890000e+04   1.1530119e+00   9.1547401e+01   2.8990000e+01  -1.5699999e-02  -5.7155399e+00   8.0030000e+00   1.0000000e+01   1.9400001e+00   1.0000000e+00   4.0000000e+00   3.0000000e+00   1.1429600e+03   1.1187400e+03   8.7400000e+00   4.6315000e+02   1.0834800e+03   5.1478151e+00
  -1.1533331e+02   3.4500122e+01   8.2092796e+01   3.3084799e+02  -2.9879000e+01   5.3524102e+04   4.7321564e-01   7.6876404e+01   2.7799999e+01  -3.4899998e-02   3.5914799e+01   1.0000000e+01   1.0000000e+01   1.4400001e+00   1.0000000e+00   5.0000000e+00   3.0000000e+00   1.0171300e+03   1.0355000e+02   9.9360000e+01   2.4783000e+02   1.3056000e+02   6.0415230e+00
  -1.1533331e+02   3.3500122e+01   8.3251404e+01   4.7994901e+02  -2.8548901e+01   5.0531000e+04   5.1299751e-01   8.2917503e+01   2.4480000e+01  -3.2499999e-02   1.3376800e+00   9.0030000e+00   8.5000000e+00   1.4400001e+00   1.0000000e+00   5.0000000e+00   3.0000000e+00   1.0942800e+03   2.6060000e+01   1.3540000e+01   2.5147000e+02   2.6700000e+01   5.1478151e+00
  -1.1633331e+02   3.5500122e+01   8.0712402e+01   6.9968799e+02  -3.1429899e+01   4.6344500e+04   4.5530799e-01   6.1447102e+01   2.9719999e+01  -3.9799999e-02  -9.0617399e+00   1.0000000e+01   9.9960000e+00   1.4400001e+00   1.0000000e+00   5.0000000e+00   3.0000000e+00   8.7542000e+02   1.5845000e+02   1.3069000e+02   1.8314000e+02   2.5090000e+02   6.6708320e+00
  -1.1533331e+02   3.2500122e+01   7.9175003e+01  -1.3690200e+00  -2.9851299e+01   5.8748398e+04   5.1548749e-01   1.1447800e+02   2.5620001e+01  -3.1399999e-02  -1.5637400e+01   9.0030000e+00   8.5000000e+00   1.4400001e+00   1.0000000e+00   5.0000000e+00   3.0000000e+00   1.1768600e+03   9.5740000e+01   1.1460000e+01   2.0574000e+02   1.8420000e+01   4.3011626e+00
   2.6666870e+00   3.5500122e+01   8.4242599e+01   7.1260699e+02  -3.9414299e+01   4.0828500e+04   1.0359156e+00   4.2198299e+01   3.3740002e+01  -2.8200001e-02  -8.8565598e+00   1.2005000e+01   1.2990000e+01   1.9400001e+00   1.0000000e+00   5.0000000e+00   3.0000000e+00   9.7037000e+02   1.3548800e+03   3.6185000e+02   8.7058000e+02   3.3761000e+02   1.2980755e+01
  -3.3331299e-01   3.5500122e+01   9.7226097e+01   3.0727301e+02  -2.8540400e+01   3.2997699e+04   1.0037261e+00   1.2721600e+02   2.5750000e+01  -2.4800001e-02   1.6673700e+01   1.0996000e+01   1.1000000e+01   1.9400001e+00   1.0000000e+00   5.0000000e+00   3.0000000e+00   1.2332000e+03   1.5961400e+03   2.2838000e+02   9.5719000e+02   1.3703000e+02   1.4089003e+01
   7.6666870e+00   3.5500122e+01   8.0357597e+01   1.0483600e+03  -3.9564400e+01   5.1211301e+04   1.0558007e+00   5.2429501e+01   3.3650002e+01  -2.9500000e-02   5.7636399e+00   1.1997000e+01   1.2000000e+01   1.9400001e+00   1.0000000e+00   6.0000000e+00   3.0000000e+00   4.5863000e+02   9.0643000e+02   2.6110000e+01   5.4335000e+02   8.6070000e+02   1.2747549e+01
   4.6666870e+00   3.4500122e+01   7.6400101e+01   4.4692001e+02  -3.2145901e+01   1.1786400e+05   1.2388850e+00   5.9039902e+01   3.4950001e+01  -9.0000000e-03  -2.3875000e+01   1.0996000e+01   1.1000000e+01   1.9400001e+00   1.0000000e+00   6.0000000e+00   3.0000000e+00   8.3625000e+02   1.2611400e+03   3.4960000e+02   8.6065000e+02   5.5027000e+02   1.1597414e+01
   8.6666870e+00   3.4500122e+01   7.5870499e+01   3.7723099e+02  -3.8343700e+01   5.8657102e+04   1.1330482e+00   4.9382401e+01   3.4820000e+01  -1.4300000e-02   9.2215000e-01   1.1997000e+01   1.2000000e+01   1.9400001e+00   1.0000000e+00   6.0000000e+00   3.0000000e+00   5.1716000e+02   9.8332000e+02   4.3270000e+01   6.0412000e+02   8.8955000e+02   1.1768602e+01
   7.6666870e+00   3.4500122e+01   7.5553299e+01   1.5558400e+02  -3.3093201e+01   7.6714000e+04   1.1466969e+00   3.3140701e+01   3.4820000e+01  -1.4300000e-02  -3.4503700e+01   1.1997000e+01   1.2000000e+01   1.9400001e+00   1.0000000e+00   6.0000000e+00   3.0000000e+00   5.1716000e+02   9.8332000e+02   4.3270000e+01   6.0412000e+02   8.8955000e+02   1.1768602e+01
  -3.3333130e+00   3.4500122e+01   7.3304100e+01   6.6821301e+02  -3.5357700e+01   4.8794898e+04   1.0090725e+00   1.0192600e+02   3.0330000e+01  -5.7500001e-02  -6.7814903e+01   1.0002000e+01   1.0000000e+01   1.9400001e+00   1.0000000e+00   6.0000000e+00   3.0000000e+00   1.5266900e+03   1.8906000e+03   9.8780000e+01   1.0197400e+03   1.5534000e+02   1.3583078e+01
  -2.3333130e+00   3.4500122e+01   8.0955299e+01   8.4753699e+02  -3.1847700e+01   4.9493898e+04   1.0171175e+00   8.0013702e+01   3.2700001e+01  -4.8500001e-02  -2.5323401e+01   1.0996000e+01   1.1000000e+01   1.9400001e+00   1.0000000e+00   6.0000000e+00   3.0000000e+00   1.3516900e+03   1.7282200e+03   2.6438000e+02   1.0632000e+03   2.0205000e+02   1.3729530e+01
   9.6666870e+00   3.4500122e+01   7.8150597e+01   2.7594901e+02  -3.3521500e+01   4.6582199e+04   1.1603494e+00   7.5407501e+01   3.0309999e+01   1.3000000e-03   6.3647299e+00   5.0010000e+00   6.0000000e+00   1.7400000e+00   1.0000000e+00   6.0000000e+00   3.0000000e+00   3.8291000e+02   8.5899000e+02   7.8560000e+01   4.7323000e+02   1.0646500e+03   1.2349089e+01
  -1.3333130e+00   3.4500122e+01   9.0068398e+01   1.1412500e+03  -3.4051899e+01   5.5857398e+04   1.0236276e+00   4.9635399e+01   3.2700001e+01  -4.8500001e-02  -7.9088502e+00   1.0996000e+01   1.1000000e+01   1.9400001e+00   1.0000000e+00   6.0000000e+00   3.0000000e+00   1.3516900e+03   1.7282200e+03   2.6438000e+02   1.0632000e+03   2.0205000e+02   1.3729530e+01
   9.6666870e+00   3.3500122e+01   7.7795197e+01   1.5316400e+02  -3.1013800e+01   5.7800699e+04   1.2093625e+00   7.2877403e+01   3.2750000e+01  -7.3000000e-03  -3.0245800e+01   1.1000000e+01   1.1000000e+01   1.7400000e+00   3.0000000e+00   6.0000000e+00   3.0000000e+00   5.2751000e+02   1.0034800e+03   1.1931000e+02   6.1711000e+02   1.0155600e+03   1.1067972e+01
   9.6666870e+00   3.2500122e+01   7.8643898e+01   2.7035400e+02  -3.0302900e+01   1.0275900e+05   1.2650675e+00   9.9004997e+01   3.3740002e+01  -1.9000000e-03  -5.0045799e+01   1.1000000e+01   1.1000000e+01   1.7400000e+00   3.0000000e+00   6.0000000e+00   3.0000000e+00   6.1622000e+02   1.0894100e+03   2.2784000e+02   7.0746000e+02   1.0644700e+03   1.0124228e+01
   2.6666870e+00   3.1500122e+01   8.2868897e+01   5.4846198e+02  -3.3069500e+01   6.7401398e+04   1.3226508e+00   8.0915604e+01   3.4900002e+01  -1.7700000e-02   4.1195302e+00   1.1005000e+01   1.0000000e+01   1.7400000e+00   3.0000000e+00   6.0000000e+00   3.0000000e+00   1.0906200e+03   1.5493600e+03   6.1334000e+02   9.6716000e+02   7.0745000e+02   8.8600226e+00
   4.9666687e+01   1.0500122e+01   6.9462997e+01   4.6981799e+02  -3.2478401e+01   4.1601801e+04   1.1164375e+00   5.7978100e+01   3.0850000e+01  -4.0300000e-02  -2.5197100e+01   8.0000000e+00   8.0030000e+00   1.6600000e+00   1.0000000e+00   5.0000000e+00   3.0000000e+00   1.7808300e+03   9.9803000e+02   9.8380000e+01   5.4299000e+02   2.7275000e+02   7.6485293e+00
   5.0666687e+01   9.5001221e+00   7.1000000e+01   2.8900000e+02  -3.3802299e+01   4.6828500e+04   1.2081900e+00   1.1759300e+02   2.9780001e+01   6.5000000e-03  -8.6694400e-01   8.9960000e+00   9.0000000e+00   1.6600000e+00   1.0000000e+00   5.0000000e+00   3.0000000e+00   1.8345000e+03   9.3221000e+02   2.3301000e+02   6.8308000e+02   4.1020000e+02   8.8600226e+00
   4.6666687e+01   7.5001221e+00   7.9745400e+01   5.5571002e+02  -3.8530399e+01   5.7656199e+04   1.1284500e+00   6.4030998e+01   3.4669998e+01  -3.0700000e-02  -5.0180898e+00   1.3000000e+01   1.2000000e+01   1.6600000e+00   1.0000000e+00   5.0000000e+00   3.0000000e+00   2.2331000e+03   1.4252900e+03   3.6529000e+02   6.4628000e+02   5.2013000e+02   6.3639610e+00
   4.8666687e+01   7.5001221e+00   1.1653800e+02   4.2463400e+02  -3.8869701e+01   5.4778398e+04   1.2699600e+00   7.7917801e+01   3.1000000e+01  -5.6000000e-03  -6.6731201e+01   9.0030000e+00   9.5000000e+00   1.6600000e+00   1.0000000e+00   5.0000000e+00   3.0000000e+00   2.2292200e+03   1.2873400e+03   5.1688000e+02   8.4248000e+02   6.6565000e+02   8.5146932e+00
   4.7666687e+01   7.5001221e+00   1.0178000e+02   4.6708301e+02  -3.6706501e+01   6.4581102e+04   1.2193300e+00   9.1677498e+01   3.3000000e+01  -9.6000000e-03  -9.2743500e+01   1.3000000e+01   1.2000000e+01   1.6600000e+00   1.0000000e+00   5.0000000e+00   3.0000000e+00   2.2774700e+03   1.3806900e+03   4.8817000e+02   7.9208000e+02   6.4312000e+02   7.7781746e+00
   4.8666687e+01   6.5001221e+00   9.1957298e+01   9.7394997e+01  -3.5325100e+01   5.0394000e+04   1.4322554e+00   8.9835800e+01   3.1000000e+01  -5.6000000e-03   1.1697200e+01   9.0030000e+00   9.5000000e+00   1.6600000e+00   1.0000000e+00   6.0000000e+00   3.0000000e+00   2.2292200e+03   1.2873400e+03   5.1688000e+02   8.4248000e+02   6.6565000e+02   8.5146932e+00
   4.7666687e+01   6.5001221e+00   8.2228104e+01   2.4861800e+02  -3.7131401e+01   5.9971301e+04   1.3943200e+00   8.1724800e+01   3.3000000e+01  -9.6000000e-03   4.1272202e+01   1.3000000e+01   1.2000000e+01   1.6600000e+00   1.0000000e+00   6.0000000e+00   3.0000000e+00   2.2774700e+03   1.3806900e+03   4.8817000e+02   7.9208000e+02   6.4312000e+02   7.7781746e+00
   4.4666687e+01   6.5001221e+00   6.6308998e+01   4.7560599e+02  -3.4955002e+01   7.0191398e+04   1.1288313e+00   5.3535500e+01   3.4000000e+01  -1.9300001e-02   1.6101801e+01   1.1004000e+01   1.0000000e+01   1.6600000e+00   1.0000000e+00   6.0000000e+00   3.0000000e+00   2.4445300e+03   1.6726600e+03   4.2332000e+02   5.7447000e+02   6.1806000e+02   6.0415230e+00
   4.5666687e+01   5.5001221e+00   7.2886902e+01   4.4822900e+02  -3.4661201e+01   1.1286700e+05   1.3893938e+00   7.4600098e+01   3.4000000e+01  -1.3500000e-02   1.6128599e+01   1.3000000e+01   1.2000000e+01   1.6600000e+00   1.0000000e+00   6.0000000e+00   3.0000000e+00   2.3296100e+03   1.4762900e+03   4.7625000e+02   7.2487000e+02   6.3061000e+02   7.1063352e+00
   4.3666687e+01   5.5001221e+00   7.6144501e+01   5.5835400e+02  -3.2632301e+01   8.3655898e+04   1.1673287e+00   5.8164700e+01   3.4000000e+01  -1.9300001e-02  -1.5061000e+01   1.1004000e+01   1.0000000e+01   1.6600000e+00   1.0000000e+00   6.0000000e+00   3.0000000e+00   2.4445300e+03   1.6726600e+03   4.2332000e+02   5.7447000e+02   6.1806000e+02   6.0415230e+00
   1.6666870e+00   3.0500122e+01   8.9019302e+01   4.7705600e+02  -3.5245998e+01   6.9360500e+04   1.5869195e+00   7.1999397e+01   3.5139999e+01  -2.2800000e-02   1.9650400e-01   1.1005000e+01   1.0000000e+01   1.7400000e+00   3.0000000e+00   6.0000000e+00   3.0000000e+00   1.2349300e+03   1.6955400e+03   7.5647000e+02   9.6057000e+02   7.5829000e+02   8.2764727e+00
   1.8666687e+01   2.9500122e+01   7.5364700e+01   2.6152600e+02  -3.5453300e+01   8.1565797e+04   1.2814963e+00   9.6483200e+01   3.1490000e+01  -3.8000000e-03  -1.5363801e+00   7.9960000e+00   8.0000000e+00   1.7400000e+00   1.0000000e+00   6.0000000e+00   3.0000000e+00   6.7338000e+02   8.5302000e+02   2.6206000e+02   7.2933000e+02   1.5864100e+03   9.5131488e+00
   1.7666687e+01   3.0500122e+01   7.7697998e+01   1.7557800e+02  -3.1004299e+01   6.9439703e+04   1.2147838e+00   1.0258300e+02   3.1490000e+01  -3.8000000e-03  -3.7434399e+00   7.9960000e+00   8.0000000e+00   1.7400000e+00   1.0000000e+00   6.0000000e+00   3.0000000e+00   6.7338000e+02   8.5302000e+02   2.6206000e+02   7.2933000e+02   1.5864100e+03   9.5131488e+00
   3.2666687e+01   3.0500122e+01   7.6170197e+01   4.4360802e+01  -2.6792500e+01   5.9881500e+04   1.4033940e+00   8.5557098e+01   3.2529999e+01  -2.4200000e-02  -8.1061798e+01   1.0005000e+01   1.1000000e+01   1.7400000e+00   1.0000000e+00   6.0000000e+00   3.0000000e+00   5.3365000e+02   2.3232000e+02   5.1900000e+00   5.0312000e+02   2.9221000e+02   4.5276926e+00
   3.6666870e+00   3.0500122e+01   8.3304901e+01   3.6507800e+02  -3.3951901e+01   9.0932203e+04   1.3994995e+00   5.3998798e+01   3.5139999e+01  -1.1900000e-02   1.3493000e+01   1.1005000e+01   1.0000000e+01   1.7400000e+00   3.0000000e+00   6.0000000e+00   3.0000000e+00   1.1628300e+03   1.6293100e+03   6.8359000e+02   9.2870000e+02   8.0185000e+02   7.9056942e+00
   1.7666687e+01   2.9500122e+01   7.7848900e+01   2.1225200e+02  -3.4457298e+01   7.9797102e+04   1.2035819e+00   8.9649300e+01   3.4470001e+01  -9.6000000e-03  -1.9723499e+01   1.3005000e+01   1.2000000e+01   1.7400000e+00   1.0000000e+00   6.0000000e+00   3.0000000e+00   8.2038000e+02   9.7991000e+02   3.8054000e+02   7.1136000e+02   1.6711000e+03   8.5146932e+00
   3.1666687e+01   2.9500122e+01   7.2972199e+01   2.7080200e+02  -3.3449902e+01   7.7268102e+04   1.4535538e+00   9.5518997e+01   3.2529999e+01  -2.4200000e-02  -2.9448200e-01   1.0005000e+01   1.1000000e+01   1.7400000e+00   1.0000000e+00   6.0000000e+00   3.0000000e+00   5.3365000e+02   2.3232000e+02   5.1900000e+00   5.0312000e+02   2.9221000e+02   4.5276926e+00
   1.9666687e+01   2.9500122e+01   7.3816902e+01   1.0597400e+02  -3.2536301e+01   7.8799398e+04   1.3580687e+00   1.0139100e+02   3.1940001e+01   1.0100000e-02   9.0296001e+00   7.9960000e+00   8.0000000e+00   1.7400000e+00   1.0000000e+00   6.0000000e+00   3.0000000e+00   6.1386000e+02   8.4417000e+02   2.7174000e+02   7.1947000e+02   1.4915800e+03   8.5146932e+00
   1.7666687e+01   2.8500122e+01   7.7205399e+01   2.5832199e+02  -3.5369801e+01   7.3357797e+04   1.1570007e+00   8.5313400e+01   3.8700001e+01  -9.0000000e-03  -9.4767199e+00   1.3005000e+01   1.2000000e+01   1.7400000e+00   1.0000000e+00   6.0000000e+00   3.0000000e+00   9.0813000e+02   1.0888900e+03   4.9142000e+02   6.0247000e+02   1.6679500e+03   7.5166482e+00
   3.3666687e+01   2.8500122e+01   8.4049202e+01   1.9016499e+02  -3.6986198e+01   5.0537801e+04   1.3742625e+00   7.2789902e+01   3.0830000e+01  -4.1700002e-02   3.2930698e+01   1.0005000e+01   1.1000000e+01   1.7400000e+00   1.0000000e+00   6.0000000e+00   3.0000000e+00   6.4408000e+02   1.1523000e+02   4.1300000e+00   4.6661000e+02   1.4432000e+02   5.7008771e+00
   1.8666687e+01   2.8500122e+01   7.4693398e+01   2.0374300e+02  -3.5689701e+01   7.3118398e+04   1.2174888e+00   9.2160896e+01   3.8799999e+01  -8.0000000e-04   6.2284698e+00   1.3004000e+01   1.2000000e+01   1.7400000e+00   1.0000000e+00   6.0000000e+00   3.0000000e+00   8.5147000e+02   1.0738300e+03   4.8435000e+02   6.2063000e+02   1.5701200e+03   7.6485293e+00
   3.2666687e+01   2.8500122e+01   9.3121597e+01   7.6928101e+02  -4.0137199e+01   3.8497898e+04   1.4077525e+00   6.8760002e+01   3.1510000e+01  -3.3700000e-02  -6.2904201e+01   1.0005000e+01   1.1000000e+01   1.7400000e+00   1.0000000e+00   6.0000000e+00   3.0000000e+00   6.4484000e+02   2.0804000e+02   3.0490000e+01   5.3896000e+02   2.2090000e+02   4.7434165e+00
   3.2666687e+01   2.7500122e+01   8.5075401e+01   5.4182703e+02  -3.9761200e+01   5.0617102e+04   1.3680162e+00   5.7546902e+01   3.0830000e+01  -4.1700002e-02  -3.0537800e+01   1.0005000e+01   1.1000000e+01   1.7400000e+00   1.0000000e+00   6.0000000e+00   3.0000000e+00   6.4408000e+02   1.1523000e+02   4.1300000e+00   4.6661000e+02   1.4432000e+02   5.7008771e+00
   1.8666687e+01   2.7500122e+01   7.3798698e+01   3.1388000e+02  -3.4861401e+01   5.2565102e+04   1.1533937e+00   8.6708603e+01   3.5700001e+01   6.8000000e-03   5.5463200e+01   1.3002000e+01   1.2000000e+01   1.7400000e+00   1.0000000e+00   6.0000000e+00   3.0000000e+00   8.9892000e+02   1.1779200e+03   6.0005000e+02   5.6860000e+02   1.4749900e+03   6.9641941e+00
   3.3666687e+01   2.6500122e+01   8.0643097e+01   5.8604401e+02  -3.5179298e+01   5.2681602e+04   1.1856812e+00   7.4206802e+01   3.0830000e+01  -4.1700002e-02  -1.8819201e+01   1.0005000e+01   1.1000000e+01   1.7400000e+00   1.0000000e+00   5.0000000e+00   3.0000000e+00   6.4408000e+02   1.1523000e+02   4.1300000e+00   4.6661000e+02   1.4432000e+02   5.7008771e+00
   1.1666687e+01   5.0500122e+01   6.8706902e+01   5.1125400e+02  -3.6406200e+01   5.3578500e+04   1.3799419e+00   1.0027500e+02   3.0049999e+01  -9.9000000e-03  -4.1582802e+01   1.0002000e+01   1.0000000e+01   1.9400001e+00   1.0000000e+00   6.0000000e+00   3.0000000e+00   1.3495500e+03   1.1672200e+03   7.4590000e+01   7.6481000e+02   1.8325700e+03   4.5276926e+00
   1.3666687e+01   5.0500122e+01   6.6372398e+01   3.4935999e+02  -3.9444302e+01   5.2473000e+04   1.3353624e+00   8.0520401e+01   3.0709999e+01   1.4000000e-03   3.8430000e+01   9.9960000e+00   1.0000000e+01   1.9400001e+00   1.0000000e+00   6.0000000e+00   3.0000000e+00   1.2965800e+03   1.1247400e+03   1.0860000e+01   8.2242000e+02   1.9236700e+03   6.5192024e+00
   1.0666687e+01   5.0500122e+01   6.9826698e+01   3.7744601e+02  -3.3508301e+01   5.3719000e+04   1.3621836e+00   8.5131599e+01   3.0180000e+01  -1.2200000e-02   2.3833900e+01   1.0002000e+01   1.0000000e+01   1.9400001e+00   1.0000000e+00   6.0000000e+00   3.0000000e+00   1.3819300e+03   1.1954400e+03   9.2340000e+01   7.4270000e+02   1.7905700e+03   3.5355339e+00
   1.4666687e+01   5.0500122e+01   6.4692299e+01   2.3419501e+02  -4.0102902e+01   6.9127000e+04   1.3367220e+00   1.0494600e+02   3.1850000e+01   7.8000000e-03  -2.3354299e+01   1.0004000e+01   1.0000000e+01   1.9400001e+00   1.0000000e+00   6.0000000e+00   3.0000000e+00   1.2764800e+03   1.1110300e+03   1.0560000e+01   8.5755000e+02   1.9724200e+03   7.5166482e+00
   1.2666687e+01   5.0500122e+01   6.8057503e+01   5.9832001e+02  -3.8215500e+01   5.4914301e+04   1.3710016e+00   6.9457703e+01   3.0129999e+01  -6.6000000e-03  -1.7800800e+01   9.9960000e+00   1.0000000e+01   1.9400001e+00   1.0000000e+00   6.0000000e+00   3.0000000e+00   1.3210200e+03   1.1435500e+03   2.0430000e+01   7.9144000e+02   1.8769900e+03   5.5226805e+00
   1.6666687e+01   4.9500122e+01   5.9844299e+01   4.6911899e+02  -3.8224300e+01   6.2563602e+04   1.2670369e+00   9.2678902e+01   3.3959999e+01   2.2000000e-03  -9.2719597e+01   1.0002000e+01   1.0000000e+01   1.9400001e+00   1.0000000e+00   6.0000000e+00   3.0000000e+00   1.1396500e+03   9.8829000e+02   9.4600000e+01   8.5068000e+02   2.0039700e+03   9.5131488e+00
   1.1666687e+01   4.9500122e+01   7.1149101e+01   5.1472101e+02  -3.8109299e+01   5.8883602e+04   1.3153088e+00   6.3929298e+01   3.0230000e+01  -2.2399999e-02  -2.2987499e+01   9.5010000e+00   1.0000000e+01   1.9400001e+00   1.0000000e+00   6.0000000e+00   3.0000000e+00   1.2500000e+03   1.0644500e+03   8.0980000e+01   6.8798000e+02   1.7457100e+03   4.5276926e+00
   1.2666687e+01   4.9500122e+01   6.7503998e+01   5.8863599e+02  -3.9113998e+01   7.2099297e+04   1.3016682e+00   7.0422600e+01   3.0980000e+01  -1.1800000e-02  -2.0393900e+01   1.0000000e+01   9.9990000e+00   1.9400001e+00   1.0000000e+00   6.0000000e+00   3.0000000e+00   1.2185100e+03   1.0379200e+03   5.6100000e+01   7.1582000e+02   1.7931900e+03   5.5226805e+00
   1.1666687e+01   4.8500122e+01   7.3909500e+01   4.6992700e+02  -3.6224201e+01   6.6813500e+04   1.2297562e+00   5.1902401e+01   3.0940001e+01  -2.0199999e-02  -1.4941000e+01   9.5010000e+00   1.0000000e+01   1.9400001e+00   1.0000000e+00   6.0000000e+00   3.0000000e+00   1.1525700e+03   9.6356000e+02   1.5903000e+02   6.2032000e+02   1.6616900e+03   4.7434165e+00
   1.0666687e+01   4.9500122e+01   7.5016899e+01   4.0286401e+02  -3.3716801e+01   4.5655000e+04   1.2968912e+00   9.4598900e+01   3.0340000e+01  -2.4400000e-02  -3.0773199e+01   9.5010000e+00   1.0000000e+01   1.9400001e+00   1.0000000e+00   6.0000000e+00   3.0000000e+00   1.2855700e+03   1.0959400e+03   8.0800000e+01   6.6529000e+02   1.7006900e+03   3.5355339e+00
   1.6666687e+01   4.8500122e+01   6.7372002e+01   2.3397900e+02  -3.2825298e+01   5.4370398e+04   1.1415806e+00   8.1017899e+01   3.2970001e+01  -2.4000000e-03   3.8800900e+00   1.0002000e+01   1.0000000e+01   1.9400001e+00   1.0000000e+00   6.0000000e+00   3.0000000e+00   1.0293800e+03   8.7698000e+02   2.0950000e+01   7.7601000e+02   1.9360100e+03   9.6176920e+00
   1.7666687e+01   4.8500122e+01   7.1614304e+01   2.0617300e+02  -3.2044899e+01   6.4339301e+04   1.1657919e+00   9.6732597e+01   3.1530001e+01  -1.4800000e-02  -1.6826401e+01   1.0002000e+01   1.0000000e+01   1.9400001e+00   1.0000000e+00   6.0000000e+00   3.0000000e+00   1.0218100e+03   8.8018000e+02   6.0100000e+00   8.1782000e+02   1.9961400e+03   1.0606602e+01
   1.0666687e+01   4.8500122e+01   7.8275497e+01   4.5399500e+02  -3.4527802e+01   4.8694398e+04   1.2275238e+00   5.6205101e+01   2.9379999e+01  -1.8800000e-02  -7.4362202e+00   9.5010000e+00   1.0000000e+01   1.9400001e+00   1.0000000e+00   6.0000000e+00   3.0000000e+00   1.1917800e+03   9.9890000e+02   8.6400000e+01   5.9865000e+02   1.6134100e+03   3.8078866e+00
   1.3666687e+01   4.8500122e+01   6.6997398e+01   3.6683401e+02  -3.8387901e+01   9.5012703e+04   1.1632581e+00   5.1572800e+01   3.5660000e+01  -4.7000000e-03  -1.5354000e+01   1.0000000e+01   9.9990000e+00   1.9400001e+00   1.0000000e+00   6.0000000e+00   3.0000000e+00   1.0875100e+03   9.0952000e+02   1.1388000e+02   6.8241000e+02   1.7654500e+03   6.6708320e+00
   1.8666687e+01   4.8500122e+01   7.5740196e+01   3.9980701e+02  -3.2869598e+01   7.1212500e+04   1.1816057e+00   9.3858002e+01   3.0590000e+01  -2.2700001e-02  -7.0294502e+01   1.0000000e+01   9.9980000e+00   1.9400001e+00   1.0000000e+00   6.0000000e+00   3.0000000e+00   1.0204600e+03   8.9042000e+02   4.5760000e+01   8.6409000e+02   2.0576500e+03   1.1597414e+01
   1.6666687e+01   4.7500122e+01   7.6372101e+01   3.8239899e+02  -3.0672899e+01   5.1457102e+04   1.0531443e+00   9.9507599e+01   3.0590000e+01  -2.5000000e-03  -3.6173401e+01   9.0050000e+00   1.0000000e+01   1.9400001e+00   1.0000000e+00   6.0000000e+00   3.0000000e+00   9.1937000e+02   7.6566000e+02   1.4540000e+01   7.0718000e+02   1.8720700e+03   9.8234414e+00
   1.8666687e+01   4.7500122e+01   8.5068497e+01   1.9115401e+02  -2.7050899e+01   5.6888500e+04   1.1280193e+00   1.1714600e+02   2.9260000e+01  -1.4800000e-02  -3.0597000e+01   8.9960000e+00   8.5000000e+00   1.9400001e+00   1.0000000e+00   6.0000000e+00   3.0000000e+00   9.0918000e+02   7.8131000e+02   9.8140000e+01   7.8645000e+02   1.9998700e+03   1.1768602e+01
   1.7666687e+01   4.7500122e+01   8.0768997e+01   1.4524899e+02  -2.8310600e+01   4.8147102e+04   1.0890481e+00   1.0111200e+02   2.8510000e+01  -1.2500000e-02  -2.4089200e+00   9.0050000e+00   1.0000000e+01   1.9400001e+00   1.0000000e+00   6.0000000e+00   3.0000000e+00   9.1073000e+02   7.6940000e+02   4.0350000e+01   7.4382000e+02   1.9353200e+03   1.0793517e+01
   2.1666687e+01   4.6500122e+01   8.6952103e+01   9.4210999e+01  -2.7239599e+01   5.4823199e+04   1.1780469e+00   1.1561000e+02   2.6450001e+01  -5.6000000e-03   5.5312401e+01   8.9970000e+00   8.5000000e+00   1.9400001e+00   1.0000000e+00   6.0000000e+00   3.0000000e+00   8.4108000e+02   7.6618000e+02   7.2300000e+00   8.7131000e+02   2.1552600e+03   1.4916434e+01
   1.6666687e+01   4.6500122e+01   7.9941803e+01   1.6541000e+02  -2.8303101e+01   5.3444801e+04   1.0017282e+00   9.0271500e+01   2.9700001e+01   2.7000000e-03  -8.9884300e+01   9.0050000e+00   1.0000000e+01   1.9400001e+00   1.0000000e+00   6.0000000e+00   3.0000000e+00   8.0971000e+02   6.5435000e+02   1.0970000e+01   6.1254000e+02   1.8125800e+03   1.0124228e+01
   1.9666687e+01   4.6500122e+01   9.4026703e+01   1.2827000e+02  -2.7795700e+01   4.9364301e+04   1.1125144e+00   1.1767300e+02   2.5129999e+01  -3.2000000e-03  -1.0593600e+01   8.9960000e+00   8.5000000e+00   1.9400001e+00   1.0000000e+00   6.0000000e+00   3.0000000e+00   8.0438000e+02   6.9613000e+02   4.6250000e+01   7.5739000e+02   2.0152300e+03   1.2980755e+01
   2.0666687e+01   4.6500122e+01   9.2582497e+01   7.9876999e+01  -2.6228701e+01   4.5388000e+04   1.1396411e+00   1.0947300e+02   2.4680000e+01  -4.0000000e-04  -8.2172996e+01   8.9970000e+00   8.5000000e+00   1.9400001e+00   1.0000000e+00   6.0000000e+00   3.0000000e+00   8.1891000e+02   7.2756000e+02   9.2000000e+00   8.1379000e+02   2.0848300e+03   1.3946326e+01
   1.7666687e+01   4.6500122e+01   8.4884598e+01   1.6918700e+02  -2.8294901e+01   4.8033898e+04   1.0436294e+00   8.8853600e+01   2.6639999e+01  -1.1600000e-02  -1.3828000e+01   8.9960000e+00   8.5000000e+00   1.9400001e+00   1.0000000e+00   6.0000000e+00   3.0000000e+00   7.9791000e+02   6.7292000e+02   7.8400000e+01   7.0369000e+02   1.9465900e+03   1.2020815e+01
   2.2666687e+01   4.6500122e+01   7.6432098e+01   5.0444601e+02  -3.1276800e+01   1.0408600e+05   1.2216704e+00   6.7421799e+01   3.0430000e+01  -7.7000000e-03  -1.5725700e+01   9.9970000e+00   1.0000000e+01   1.9400001e+00   1.0000000e+00   6.0000000e+00   3.0000000e+00   8.7032000e+02   8.1097000e+02   4.3340000e+01   9.3210000e+02   2.2264500e+03   1.5890249e+01
   2.1666687e+01   4.5500122e+01   8.7740097e+01   1.4277000e+02  -2.6214600e+01   5.2495500e+04   1.1339706e+00   1.1876600e+02   3.0469999e+01   4.3000000e-03  -4.8514401e+01   9.9990000e+00   1.0000000e+01   1.9400001e+00   1.0000000e+00   6.0000000e+00   3.0000000e+00   7.3722000e+02   6.7569000e+02   1.0067000e+02   8.0684000e+02   2.1151800e+03   1.5182226e+01
   1.8666687e+01   4.6500122e+01   9.0448097e+01   1.4577901e+02  -2.8929800e+01   5.0148000e+04   1.0805582e+00   1.1068600e+02   2.6639999e+01  -1.1600000e-02  -1.7613300e+00   8.9960000e+00   8.5000000e+00   1.9400001e+00   1.0000000e+00   6.0000000e+00   3.0000000e+00   7.9791000e+02   6.7292000e+02   7.8400000e+01   7.0369000e+02   1.9465900e+03   1.2020815e+01
   1.7666687e+01   4.5500122e+01   7.9808197e+01   4.4669501e+02  -2.6645300e+01   6.6130297e+04   1.0166720e+00   1.2671800e+02   2.8629999e+01   1.2200000e-02  -1.6312700e+02   1.0001000e+01   1.0000000e+01   1.9400001e+00   1.0000000e+00   6.0000000e+00   3.0000000e+00   6.8878000e+02   5.4848000e+02   2.7450000e+01   5.7381000e+02   1.8275600e+03   1.1423660e+01
   1.6666687e+01   4.5500122e+01   7.1870400e+01   1.6108900e+02  -2.7962400e+01   5.9080699e+04   9.7784001e-01   1.0591700e+02   2.7530001e+01  -9.4000000e-03  -1.3041499e+02   9.0050000e+00   1.0000000e+01   1.9400001e+00   1.0000000e+00   6.0000000e+00   3.0000000e+00   7.9971000e+02   6.5879000e+02   2.1470000e+01   6.5504000e+02   1.8789900e+03   1.1067972e+01
   2.0666687e+01   4.5500122e+01   9.5407898e+01   7.4193802e+01  -2.6440001e+01   5.0126699e+04   1.0976368e+00   1.1326000e+02   2.8270000e+01   9.7000000e-03  -7.3919702e+00   9.9990000e+00   1.0000000e+01   1.9400001e+00   1.0000000e+00   6.0000000e+00   3.0000000e+00   7.1136000e+02   6.3074000e+02   8.8060000e+01   7.4329000e+02   2.0420900e+03   1.4230249e+01
   1.4666687e+01   5.1500122e+01   6.6822998e+01   1.2573900e+02  -3.4898201e+01   9.8174797e+04   1.4501184e+00   1.0473500e+02   3.2360001e+01  -3.2000000e-03  -9.9751198e+01   1.0004000e+01   1.0000000e+01   1.9400001e+00   1.0000000e+00   6.0000000e+00   3.0000000e+00   1.3844800e+03   1.2211000e+03   7.4350000e+01   9.3601000e+02   2.0530800e+03   7.6485293e+00
   1.3666687e+01   5.1500122e+01   6.7307999e+01   8.9186600e+01  -3.4466801e+01   7.6719703e+04   1.4140143e+00   1.1458600e+02   3.2119999e+01  -8.1000000e-03  -6.3231701e+01   9.9960000e+00   1.0000000e+01   1.9400001e+00   1.0000000e+00   6.0000000e+00   3.0000000e+00   1.4026600e+03   1.2333300e+03   9.0560000e+01   9.0360000e+02   2.0072300e+03   6.6708320e+00
   1.0666687e+01   5.1500122e+01   6.6655403e+01   2.6325699e+02  -3.1373501e+01   8.6876602e+04   1.3982090e+00   1.1149000e+02   3.0570000e+01  -4.8000000e-03  -1.9340300e+01   1.0002000e+01   1.0000000e+01   1.9400001e+00   1.0000000e+00   6.0000000e+00   3.0000000e+00   1.4507900e+03   1.2714100e+03   1.4964000e+02   8.5085000e+02   1.9218900e+03   4.7434165e+00
   6.6666870e+00   5.1500122e+01   7.2410797e+01   2.2632200e+01  -3.1613701e+01   8.4146703e+04   1.3955581e+00   1.1580000e+02   3.0760000e+01  -3.9500002e-02  -5.5953701e+01   9.9990000e+00   1.0000000e+01   1.9400001e+00   1.0000000e+00   4.0000000e+00   3.0000000e+00   1.6302000e+03   1.4354300e+03   2.1080000e+01   7.9334000e+02   1.7527300e+03   1.5811388e+00
   9.6666870e+00   5.1500122e+01   6.5493797e+01   3.1585901e+02  -3.2147701e+01   8.4262398e+04   1.4052050e+00   1.0383100e+02   3.0879999e+01  -8.3000000e-03  -3.1218399e+01   1.0002000e+01   1.0000000e+01   1.9400001e+00   1.0000000e+00   6.0000000e+00   3.0000000e+00   1.4803500e+03   1.2968500e+03   1.6647000e+02   8.3108000e+02   1.8826900e+03   3.8078866e+00
   1.1666687e+01   5.1500122e+01   6.7043899e+01   1.9901300e+02  -3.1962000e+01   7.7292102e+04   1.3723966e+00   1.3438901e+02   3.0570000e+01  -4.8000000e-03  -1.1780200e+01   1.0002000e+01   1.0000000e+01   1.9400001e+00   1.0000000e+00   6.0000000e+00   3.0000000e+00   1.4507900e+03   1.2714100e+03   1.4964000e+02   8.5085000e+02   1.9218900e+03   4.7434165e+00
   5.6666870e+00   5.1500122e+01   7.2770599e+01   1.8657499e+01  -2.9566601e+01   1.1083500e+05   1.4057184e+00   8.8502403e+01   2.9680000e+01  -2.8400000e-02  -1.0217400e+02   1.0001000e+01   1.0000000e+01   1.9400001e+00   1.0000000e+00   4.0000000e+00   3.0000000e+00   1.6711600e+03   1.4779600e+03   3.5430000e+01   8.0170000e+02   1.7277400e+03   2.1213203e+00
   2.1666687e+01   4.4500122e+01   8.7542297e+01   2.9487701e+02  -2.8080700e+01   4.7845500e+04   1.1090969e+00   1.0759000e+02   3.1850000e+01   9.9000000e-03  -4.3845699e+01   9.9990000e+00   1.0000000e+01   1.9400001e+00   1.0000000e+00   6.0000000e+00   3.0000000e+00   6.3587000e+02   5.9230000e+02   6.0440000e+01   7.4939000e+02   2.0801000e+03   1.5508062e+01
   1.2666687e+01   4.3500122e+01   5.6274898e+01   5.2886700e+02  -3.8799000e+01   6.7811703e+04   1.0348600e+00   7.5007004e+01   3.4310001e+01  -3.2800000e-02  -5.6103301e+00   9.9980000e+00   1.0000000e+01   1.9400001e+00   1.0000000e+00   6.0000000e+00   3.0000000e+00   6.6504000e+02   4.6322000e+02   8.5200000e+00   2.1978000e+02   1.3727300e+03   8.5146932e+00
   1.1666687e+01   4.3500122e+01   7.3700699e+01   3.9388300e+02  -3.3834702e+01   5.9903898e+04   1.0259100e+00   1.1442700e+02   2.7190001e+01  -3.3700000e-02  -5.5794802e+00   7.0000000e+00   6.9980000e+00   1.9400001e+00   1.0000000e+00   6.0000000e+00   3.0000000e+00   6.8406000e+02   5.2597000e+02   1.4890000e+01   2.2388000e+02   1.3029700e+03   7.9056942e+00
   1.0666687e+01   4.3500122e+01   7.9155197e+01   5.1411598e+01  -2.7101900e+01   4.6509898e+04   1.0259100e+00   1.3889800e+02   2.7190001e+01  -3.3700000e-02  -2.2239201e+01   7.0000000e+00   6.9980000e+00   1.9400001e+00   1.0000000e+00   6.0000000e+00   3.0000000e+00   6.8406000e+02   5.2597000e+02   1.4890000e+01   2.2388000e+02   1.3029700e+03   7.9056942e+00
   1.1666687e+01   4.2500122e+01   8.1780197e+01   2.6729799e+01  -2.3277399e+01   6.0438398e+04   1.0259100e+00   1.4333099e+02   2.4290001e+01  -2.9700000e-02  -1.8287100e+01   7.0000000e+00   6.9980000e+00   1.9400001e+00   1.0000000e+00   6.0000000e+00   3.0000000e+00   5.7551000e+02   4.6961000e+02   4.3520000e+01   1.6684000e+02   1.2484500e+03   8.7464278e+00
   2.6666687e+01   4.1500122e+01   7.2524002e+01   7.7418198e+01  -2.7814800e+01   4.8558199e+04   1.1574400e+00   1.2955200e+02   3.3279999e+01   6.6000000e-03  -4.0670400e+00   8.0040000e+00   1.0000000e+01   1.9400001e+00   1.0000000e+00   6.0000000e+00   3.0000000e+00   5.8422000e+02   6.8143000e+02   5.1910000e+01   5.0639000e+02   1.7176300e+03   1.1597414e+01
  -5.3333130e+00   3.6500122e+01   6.0591999e+01   3.1284900e+02  -3.8370399e+01   4.7286898e+04   1.1606950e+00   9.3783501e+01   2.9320000e+01  -2.5300000e-02   1.9574101e+01   9.9960000e+00   1.0000000e+01   1.9400001e+00   1.0000000e+00   6.0000000e+00   3.0000000e+00   1.7405200e+03   2.0517500e+03   7.8640000e+01   9.2059000e+02   8.7780000e+01   1.1067972e+01
   1.8666687e+01   4.5500122e+01   8.8928803e+01   9.4441597e+01  -2.7809500e+01   5.6505801e+04   1.0442032e+00   1.1293300e+02   2.6540001e+01   1.0500000e-02  -1.4367599e+02   9.0000000e+00   8.9960000e+00   1.9400001e+00   1.0000000e+00   6.0000000e+00   3.0000000e+00   6.8665000e+02   5.6566000e+02   8.4870000e+01   6.2791000e+02   1.8981700e+03   1.2349089e+01
   1.9666687e+01   4.5500122e+01   9.6427200e+01   7.6066002e+01  -2.7639099e+01   4.7932398e+04   1.0677143e+00   1.1441500e+02   2.8270000e+01   9.7000000e-03  -9.9697600e-01   9.9990000e+00   1.0000000e+01   1.9400001e+00   1.0000000e+00   6.0000000e+00   3.0000000e+00   7.1136000e+02   6.3074000e+02   8.8060000e+01   7.4329000e+02   2.0420900e+03   1.4230249e+01
   1.4566669e+02  -2.0500000e+01   7.2583298e+01   5.1772498e+02  -3.4446602e+01   7.1760602e+04   1.5081238e+00   1.5179700e+02   4.0189999e+01  -2.3700001e-02   4.5310402e+00   1.1997000e+01   1.2000000e+01   2.3199999e+00   2.0000000e+00   6.0000000e+00   3.0000000e+00   1.4916000e+03   1.8399300e+03   3.3360000e+02   1.2849500e+03   1.3578200e+03   1.7102631e+01
   1.4866669e+02  -2.2500000e+01   7.1129600e+01   1.8189400e+02  -3.0403601e+01   5.9420102e+04   1.2862901e+00   1.4807401e+02   3.6540001e+01  -1.3000000e-02   5.3977100e+01   1.2004000e+01   1.2000000e+01   2.4000001e+00   1.0000000e+00   6.0000000e+00   3.0000000e+00   1.6797200e+03   1.9228800e+03   2.9219000e+02   1.4542800e+03   1.4249100e+03   1.3509256e+01
   7.0666687e+01   5.2500122e+01   3.8860298e+01   3.8269800e+02  -3.1829000e+01   2.2810300e+05   1.9332504e+00   5.5546501e+01   4.5200001e+01   1.5000000e-02  -1.5850700e+01   1.5505000e+01   1.5990000e+01   1.1100000e+00   2.0000000e+00   2.0000000e+00   3.0000000e+00   1.9705600e+03   3.0565900e+03   1.7723300e+03   1.8058600e+03   2.5295600e+03   4.8088460e+01
   7.1666687e+01   5.2500122e+01   3.7082901e+01   3.1778201e+02  -3.1386200e+01   2.0593800e+05   1.8449748e+00   5.9827900e+01   4.3849998e+01   1.9400001e-02   9.8813599e+01   1.5505000e+01   1.5990000e+01   1.1100000e+00   2.0000000e+00   2.0000000e+00   3.0000000e+00   1.9635600e+03   3.0665800e+03   1.7126800e+03   1.7529200e+03   2.4649700e+03   4.8974483e+01
   6.9666687e+01   5.2500122e+01   4.0932098e+01   3.8732599e+02  -3.2331299e+01   2.0063100e+05   2.0065501e+00   5.7940102e+01   4.5720001e+01   1.0400000e-02   6.7632103e+01   1.5997000e+01   1.5000000e+01   1.1100000e+00   2.0000000e+00   2.0000000e+00   3.0000000e+00   1.9807200e+03   3.0455000e+03   1.8329400e+03   1.8530100e+03   2.5940100e+03   4.7206991e+01
   3.0666687e+01   4.0500122e+01   8.6125000e+01   8.5511401e+02  -3.3985901e+01   6.2342801e+04   9.6030498e-01   6.6707298e+01   3.5139999e+01  -2.6600000e-02  -2.4281799e+01   8.9960000e+00   9.5000000e+00   1.9400001e+00   1.0000000e+00   6.0000000e+00   3.0000000e+00   4.6894000e+02   6.9022000e+02   1.7069000e+02   3.8758000e+02   1.4907700e+03   1.0793517e+01
   1.3666687e+01   3.7500122e+01   8.5506000e+01   3.8900000e+02  -3.0486500e+01   8.9922398e+04   1.1217099e+00   5.7370998e+01   3.1920000e+01   2.7000000e-03   1.5324799e+01   6.0010000e+00   7.0000000e+00   1.9400001e+00   1.0000000e+00   6.0000000e+00   3.0000000e+00   3.7760000e+01   4.3124000e+02   7.6390000e+01   1.4079000e+02   1.2861700e+03   1.4089003e+01
   1.1666687e+01   3.2500122e+01   8.3983400e+01   8.1000000e+01  -3.1532499e+01   4.3472199e+04   1.1525199e+00   9.5180901e+01   3.0969999e+01  -1.4700000e-02   7.3973699e+00   9.0000000e+00   9.5000000e+00   1.7400000e+00   3.0000000e+00   6.0000000e+00   3.0000000e+00   5.3058000e+02   9.7031000e+02   1.3585000e+02   6.2580000e+02   1.2316200e+03   1.0977249e+01
