   7.6666870e+00   5.0500122e+01   7.3840301e+01   2.2132600e+02  -3.3540600e+01   8.4583602e+04   1.2722582e+00   1.0835300e+02   2.9379999e+01  -2.8400000e-02  -7.4119701e+00   9.9980000e+00   1.0000000e+01   1.9400001e+00   1.0000000e+00   6.0000000e+00   3.0000000e+00   1.4571300e+03   1.2642800e+03   2.8720000e+01   7.1248000e+02   1.7145700e+03   1.5811388e+00
   8.6666870e+00   5.0500122e+01   7.2919197e+01   3.2166199e+02  -3.2263500e+01   8.4229102e+04   1.2824150e+00   1.0805300e+02   2.9379999e+01  -2.8400000e-02  -1.1962800e+01   9.9980000e+00   1.0000000e+01   1.9400001e+00   1.0000000e+00   6.0000000e+00   3.0000000e+00   1.4571300e+03   1.2642800e+03   2.8720000e+01   7.1248000e+02   1.7145700e+03   1.5811388e+00
   6.6666870e+00   5.0500122e+01   7.4557602e+01   4.9574301e+02  -3.5295101e+01   9.3429398e+04   1.2975844e+00   1.0286900e+02   3.1080000e+01  -1.6300000e-02  -1.9010500e+01   9.9990000e+00   1.0000000e+01   1.9400001e+00   1.0000000e+00   4.0000000e+00   3.0000000e+00   1.5413000e+03   1.3474300e+03   1.3560000e+01   6.9046000e+02   1.6504800e+03   7.0710678e-01
   9.6666870e+00   5.0500122e+01   7.0752296e+01   3.2824301e+02  -3.1885500e+01   7.7375797e+04   1.3280550e+00   1.0854300e+02   2.7730000e+01  -2.0800000e-02  -3.5900002e+01   9.9980000e+00   1.0000000e+01   1.9400001e+00   1.0000000e+00   6.0000000e+00   3.0000000e+00   1.4178700e+03   1.2279000e+03   3.8150000e+01   7.2520000e+02   1.7511800e+03   2.5495098e+00
   7.6666870e+00   4.9500122e+01   8.4094498e+01   3.2987799e+02  -3.3334099e+01   9.5520102e+04   1.2246125e+00   1.1093300e+02   3.1370001e+01  -2.0300001e-02  -1.7201300e+01   9.5010000e+00   1.0000000e+01   1.9400001e+00   1.0000000e+00   6.0000000e+00   3.0000000e+00   1.4115300e+03   1.2159200e+03   3.7540000e+01   6.2169000e+02   1.5824900e+03   7.0710678e-01
   8.6666870e+00   4.9500122e+01   8.3273804e+01   7.4361397e+01  -3.2720100e+01   6.5071898e+04   1.2124969e+00   7.0127296e+01   2.9440001e+01  -3.0200001e-02   2.2654900e+01   9.0000000e+00   9.0000000e+00   1.9400001e+00   1.0000000e+00   6.0000000e+00   3.0000000e+00   1.3676400e+03   1.1720900e+03   1.0610000e+01   6.3637000e+02   1.6188600e+03   1.5811388e+00
  -3.3331299e-01   4.8500122e+01   6.8019096e+01   1.7311099e+02  -3.9693901e+01   8.7220500e+04   1.4903981e+00   1.0010900e+02   3.2320000e+01   2.8000000e-03   5.5922599e+00   1.1496000e+01   1.1500000e+01   1.9400001e+00   1.0000000e+00   4.0000000e+00   3.0000000e+00   1.6468600e+03   1.6061900e+03   1.2010000e+01   7.7460000e+02   1.3170500e+03   7.6485293e+00
   1.6666870e+00   4.8500122e+01   8.2574799e+01   1.5884300e+02  -3.8125000e+01   9.6262203e+04   1.4453150e+00   8.9443100e+01   3.3799999e+01   6.1000000e-03   2.5596500e+01   1.1501000e+01   1.2000000e+01   1.9400001e+00   1.0000000e+00   4.0000000e+00   3.0000000e+00   1.5439100e+03   1.4768500e+03   8.8630000e+01   6.8741000e+02   1.3316800e+03   5.7008771e+00
   6.6668701e-01   4.8500122e+01   7.6706703e+01   1.6491400e+02  -3.8282600e+01   8.8339102e+04   1.4712050e+00   9.5655296e+01   3.3229999e+01   4.0000000e-03  -2.6490200e+00   1.1501000e+01   1.2000000e+01   1.9400001e+00   1.0000000e+00   4.0000000e+00   3.0000000e+00   1.5941900e+03   1.5408900e+03   1.5610000e+01   7.3447000e+02   1.3218800e+03   6.6708320e+00
   6.6666870e+00   4.8500122e+01   8.9913399e+01   2.6417200e+02  -3.2990398e+01   7.3762703e+04   1.2160925e+00   9.0710899e+01   3.0350000e+01  -1.3900000e-02   1.3797900e+01   9.5010000e+00   1.0000000e+01   1.9400001e+00   1.0000000e+00   6.0000000e+00   3.0000000e+00   1.3379400e+03   1.1831000e+03   6.6080000e+01   5.6355000e+02   1.4498900e+03   1.5811388e+00
   2.6666870e+00   4.8500122e+01   8.8800903e+01   8.1464302e+01  -3.6924198e+01   9.2328102e+04   1.4050794e+00   8.6247101e+01   3.3509998e+01   9.5000000e-03  -3.2284199e+01   1.0001000e+01   1.1000000e+01   1.9400001e+00   1.0000000e+00   4.0000000e+00   3.0000000e+00   1.4963000e+03   1.4142600e+03   1.6235000e+02   6.4657000e+02   1.3463500e+03   4.7434165e+00
   5.6666870e+00   4.8500122e+01   9.0434700e+01   3.7529700e+02  -3.4882301e+01   8.9875703e+04   1.2348462e+00   9.4625198e+01   3.1150000e+01  -4.2000000e-03  -1.5133200e+01   1.0995000e+01   1.1010000e+01   1.9400001e+00   1.0000000e+00   6.0000000e+00   3.0000000e+00   1.3721200e+03   1.2374400e+03   8.8120000e+01   5.7065000e+02   1.4177300e+03   2.1213203e+00
   7.6666870e+00   4.8500122e+01   9.0080200e+01   1.9755499e+02  -3.1207300e+01   6.3973801e+04   1.2374924e+00   9.5334396e+01   2.6740000e+01  -2.7300000e-02   4.1013802e+01   9.0000000e+00   9.0000000e+00   1.9400001e+00   1.0000000e+00   6.0000000e+00   3.0000000e+00   1.2815200e+03   1.0834500e+03   3.2410000e+01   5.7634000e+02   1.5252100e+03   2.1213203e+00
   3.6666870e+00   4.8500122e+01   9.0389504e+01   1.2569800e+02  -3.2967602e+01   8.8819602e+04   1.3504981e+00   8.6453003e+01   3.3689999e+01   1.1100000e-02   1.3642400e+01   1.0001000e+01   1.1000000e+01   1.9400001e+00   1.0000000e+00   4.0000000e+00   3.0000000e+00   1.5432400e+03   1.4208600e+03   2.1206000e+02   6.7790000e+02   1.4724800e+03   3.5355339e+00
   4.6666870e+00   4.8500122e+01   9.1610100e+01   1.3445200e+02  -3.2729599e+01   9.3549602e+04   1.2937537e+00   9.8673401e+01   3.2349998e+01   1.0000000e-04  -1.7151199e+01   1.0995000e+01   1.1010000e+01   1.9400001e+00   1.0000000e+00   4.0000000e+00   3.0000000e+00   1.4101100e+03   1.2942900e+03   1.0895000e+02   5.8749000e+02   1.3895800e+03   2.9154759e+00
   3.6666870e+00   4.7500122e+01   9.5940300e+01   2.1697800e+02  -3.6618198e+01   6.9565102e+04   1.2590105e+00   8.0570900e+01   3.0809999e+01  -1.2900000e-02  -2.6995100e+01   9.5030000e+00   1.0000000e+01   1.9400001e+00   1.0000000e+00   4.0000000e+00   3.0000000e+00   1.3628400e+03   1.2917700e+03   4.4480000e+01   5.5651000e+02   1.2597200e+03   4.3011626e+00
   2.6666870e+00   4.7500122e+01   9.5731102e+01   2.5848901e+02  -3.7111000e+01   8.0123500e+04   1.3165817e+00   9.3179901e+01   3.1950001e+01  -4.4000000e-03   1.6521001e+02   9.5030000e+00   1.0000000e+01   1.9400001e+00   1.0000000e+00   4.0000000e+00   3.0000000e+00   1.4112200e+03   1.3566500e+03   9.8990000e+01   5.9015000e+02   1.2383100e+03   5.1478151e+00
   6.6666870e+00   4.7500122e+01   9.0984398e+01   4.1605399e+02  -3.1785900e+01   6.2790602e+04   1.1905206e+00   8.9498001e+01   2.7280001e+01  -2.3700001e-02   3.0119700e+00   1.0000000e+01   1.0003000e+01   1.9400001e+00   1.0000000e+00   6.0000000e+00   3.0000000e+00   1.2387100e+03   1.1084900e+03   4.2950000e+01   5.1519000e+02   1.3521300e+03   2.5495098e+00
   5.6666870e+00   4.7500122e+01   9.2655800e+01   2.1965500e+02  -3.6780701e+01   6.2531398e+04   1.1847044e+00   8.4794403e+01   2.8549999e+01  -2.0300001e-02  -1.4075100e+01   9.9970000e+00   1.0000000e+01   1.9400001e+00   1.0000000e+00   6.0000000e+00   3.0000000e+00   1.2762200e+03   1.1673800e+03   1.9310000e+01   5.1982000e+02   1.3169400e+03   2.9154759e+00
   7.6666870e+00   4.7500122e+01   8.9120300e+01   5.5340002e+02  -3.2605801e+01   6.1465000e+04   1.2383419e+00   7.1313202e+01   2.9540001e+01  -2.3000000e-02   2.3904700e+00   1.0000000e+01   1.0003000e+01   1.9400001e+00   1.0000000e+00   6.0000000e+00   3.0000000e+00   1.2055600e+03   1.0523100e+03   6.9000000e+00   5.1923000e+02   1.3912800e+03   2.5495098e+00
   8.6666870e+00   4.6500122e+01   7.4899101e+01   1.5272600e+03  -4.7685001e+01   7.6690898e+04   1.2558037e+00   8.1716995e+00   4.3840000e+01  -1.7400000e-02  -4.1773499e+01   1.3500000e+01   1.4000000e+01   1.9400001e+00   1.0000000e+00   3.0000000e+00   3.0000000e+00   1.0733300e+03   9.2092000e+02   1.2207000e+02   4.8156000e+02   1.3458600e+03   3.8078866e+00
   9.6666870e+00   4.6500122e+01   7.0831802e+01   1.5523199e+03  -4.8760399e+01   6.2245699e+04   1.2469763e+00   1.0222100e+01   4.5680000e+01  -2.2500001e-02  -6.6586899e+01   1.3500000e+01   1.4000000e+01   1.9400001e+00   1.0000000e+00   4.0000000e+00   3.0000000e+00   1.0472400e+03   8.6620000e+02   1.5081000e+02   4.8096000e+02   1.3957100e+03   4.3011626e+00
   7.6666870e+00   4.6500122e+01   8.0530296e+01   1.2889700e+03  -4.6903099e+01   6.8586500e+04   1.2271606e+00   2.2079799e+00   3.7459999e+01  -1.1800000e-02  -3.3888802e+01   1.0000000e+01   1.0003000e+01   1.9400001e+00   1.0000000e+00   3.0000000e+00   3.0000000e+00   1.1049700e+03   9.7919000e+02   9.3260000e+01   4.8010000e+02   1.2993700e+03   3.5355339e+00
   2.6666870e+00   4.6500122e+01   9.7023598e+01   2.9691199e+02  -4.0116600e+01   7.3679500e+04   1.2163298e+00   8.4318802e+01   2.9580000e+01  -2.4000000e-02  -1.5673200e+01   9.5030000e+00   1.0000000e+01   1.9400001e+00   1.0000000e+00   4.0000000e+00   3.0000000e+00   1.3299500e+03   1.3058900e+03   7.6770000e+01   5.4136000e+02   1.1308900e+03   5.7008771e+00
   1.6666870e+00   4.5500122e+01   9.0349998e+01   3.7625400e+02  -4.0454102e+01   8.6356102e+04   1.2229062e+00   9.7974800e+01   3.0360001e+01  -2.2000000e-02  -1.3213300e+01   9.9990000e+00   1.0000000e+01   1.9400001e+00   1.0000000e+00   4.0000000e+00   2.0000000e+00   1.3127500e+03   1.3363400e+03   1.6274000e+02   5.6125000e+02   1.0038900e+03   7.1063352e+00
   2.6666870e+00   4.5500122e+01   9.3708504e+01   7.0366400e+02  -4.5408199e+01   6.3441500e+04   1.1841950e+00   6.6258499e+01   2.8430000e+01  -3.7000000e-02  -2.1498100e+01   9.0000000e+00   9.0040000e+00   1.9400001e+00   1.0000000e+00   4.0000000e+00   2.0000000e+00   1.2532400e+03   1.2628200e+03   9.1000000e+01   5.1246000e+02   1.0243000e+03   6.3639610e+00
   9.6666870e+00   4.5500122e+01   6.3431500e+01   8.0285599e+01  -3.1598600e+01   6.5001500e+04   1.2584200e+00   1.3694100e+01   3.6000000e+01  -4.8700001e-02  -2.8593500e+01   1.0001000e+01   1.0000000e+01   1.9400001e+00   1.0000000e+00   4.0000000e+00   3.0000000e+00   9.4173000e+02   7.8912000e+02   7.6980000e+01   4.4153000e+02   1.3152400e+03   5.1478151e+00
   1.6666870e+00   4.4500122e+01   8.3142303e+01   2.8409900e+02  -3.6279999e+01   6.0038699e+04   1.1912438e+00   1.0828900e+02   2.9150000e+01  -6.3000000e-03   2.2331100e+00   9.9990000e+00   1.0000000e+01   1.9400001e+00   1.0000000e+00   6.0000000e+00   3.0000000e+00   1.2459300e+03   1.3049800e+03   1.7797000e+02   5.4893000e+02   8.9562000e+02   7.7781746e+00
   5.6666870e+00   4.4500122e+01   8.0898903e+01   1.0553101e+03  -2.8236601e+01   6.3175500e+04   1.3216769e+00   4.9951000e+01   3.1900000e+01  -3.8000000e-03  -3.6173301e+00   8.0030000e+00   1.0000000e+01   1.9400001e+00   1.0000000e+00   6.0000000e+00   3.0000000e+00   1.0074700e+03   1.0024600e+03   4.0510000e+01   4.4996000e+02   1.0275100e+03   5.7008771e+00
   6.6668701e-01   4.4500122e+01   8.1662804e+01   1.1530000e+02  -3.5471298e+01   8.3585797e+04   1.2314962e+00   9.2269501e+01   3.0090000e+01   5.1000000e-03  -1.3072000e+01   9.9990000e+00   1.0000000e+01   1.9400001e+00   1.0000000e+00   6.0000000e+00   3.0000000e+00   1.3120900e+03   1.3822400e+03   2.4079000e+02   5.8253000e+02   8.7991000e+02   8.5146932e+00
   6.6666870e+00   4.3500122e+01   7.3166603e+01   2.5266901e+02  -3.6100800e+01   6.4214000e+04   1.4373200e+00   1.3157401e+02   2.7870001e+01  -1.6000001e-02   4.5273899e+01   5.0000000e+00   6.0010000e+00   1.9400001e+00   1.0000000e+00   6.0000000e+00   3.0000000e+00   8.7110000e+02   8.8950000e+02   3.3540000e+01   4.1710000e+02   9.8971000e+02   6.5192024e+00
  -3.3331299e-01   4.3500122e+01   7.5712700e+01   1.2387000e+02  -3.5433300e+01   7.7833297e+04   1.2185007e+00   8.5479302e+01   3.0219999e+01  -4.5000000e-03  -2.4351601e+01   1.3004000e+01   1.3000000e+01   1.9400001e+00   1.0000000e+00   6.0000000e+00   3.0000000e+00   1.3282000e+03   1.4422800e+03   3.1183000e+02   6.2082000e+02   7.6094000e+02   9.9247166e+00
   6.6668701e-01   4.3500122e+01   7.6980400e+01   2.4187900e+02  -3.8009102e+01   6.1009898e+04   1.1983401e+00   7.7903603e+01   3.2169998e+01   7.0000000e-04  -1.5028300e+01   1.3505000e+01   1.4000000e+01   1.9400001e+00   1.0000000e+00   6.0000000e+00   3.0000000e+00   1.2561600e+03   1.3622300e+03   2.3332000e+02   5.8117000e+02   7.7001000e+02   9.1923882e+00
   6.6668701e-01   4.2500122e+01   7.2353500e+01   1.5532700e+03  -4.8770100e+01   7.1205398e+04   1.1716650e+00   2.3031099e+01   4.2599998e+01  -2.1800000e-02  -1.2778100e+01   1.3505000e+01   1.4000000e+01   1.9400001e+00   1.0000000e+00   6.0000000e+00   3.0000000e+00   1.2078300e+03   1.3509900e+03   2.2572000e+02   5.8546000e+02   6.6058000e+02   9.9247166e+00
   1.6666870e+00   4.2500122e+01   7.6312103e+01   1.5898600e+03  -5.4065399e+01   6.5935398e+04   1.1375600e+00   2.6913799e+01   4.0040001e+01  -3.1399999e-02  -8.0257597e+00   1.3505000e+01   1.4000000e+01   1.9400001e+00   1.0000000e+00   6.0000000e+00   3.0000000e+00   1.1331800e+03   1.2691100e+03   1.4960000e+02   5.4305000e+02   6.8202000e+02   9.3005376e+00
  -3.3331299e-01   4.2500122e+01   6.9403999e+01   9.6696301e+02  -4.1538399e+01   8.3923500e+04   1.2004060e+00   3.7437900e+01   4.2599998e+01  -2.1800000e-02  -1.2691400e+01   1.3505000e+01   1.4000000e+01   1.9400001e+00   1.0000000e+00   6.0000000e+00   3.0000000e+00   1.2078300e+03   1.3509900e+03   2.2572000e+02   5.8546000e+02   6.6058000e+02   9.9247166e+00
  -1.3333130e+00   4.1500122e+01   6.5701797e+01   6.0841302e+02  -4.4116001e+01   6.9238703e+04   1.2002387e+00   4.9618000e+01   3.1760000e+01  -2.5300000e-02   1.2677800e+01   1.0000000e+01   9.9970000e+00   1.9400001e+00   1.0000000e+00   6.0000000e+00   3.0000000e+00   1.3277600e+03   1.5154000e+03   2.2660000e+02   6.9043000e+02   5.3930000e+02   1.2020815e+01
  -4.3333130e+00   4.1500122e+01   6.5742203e+01   7.6271899e+02  -3.1493000e+01   9.3857500e+04   1.3162237e+00   2.0920900e+01   3.2400002e+01  -9.5000000e-03  -1.0783100e+01   1.1497000e+01   1.1500000e+01   1.9400001e+00   1.0000000e+00   6.0000000e+00   3.0000000e+00   1.5716100e+03   1.7651400e+03   4.2388000e+02   8.4606000e+02   5.8347000e+02   1.4300350e+01
   1.6666870e+00   4.1500122e+01   7.6197403e+01   3.9627899e+02  -3.7756302e+01   6.0462898e+04   1.1188600e+00   9.2597801e+01   2.5930000e+01  -1.7600000e-02  -4.1550002e+00   6.9970000e+00   7.0000000e+00   1.9400001e+00   1.0000000e+00   6.0000000e+00   3.0000000e+00   1.0119300e+03   1.1820000e+03   3.9510000e+01   5.3647000e+02   6.1477000e+02   9.6176920e+00
  -2.3333130e+00   4.1500122e+01   6.5741402e+01   1.0397100e+03  -4.0473400e+01   7.5071500e+04   1.2340450e+00   2.7059999e+01   3.2459999e+01  -1.6300000e-02   1.6573999e+01   1.1001000e+01   1.1000000e+01   1.9400001e+00   1.0000000e+00   6.0000000e+00   3.0000000e+00   1.4085800e+03   1.5986800e+03   2.8261000e+02   7.4099000e+02   5.5347000e+02   1.2747549e+01
  -3.3333130e+00   4.0500122e+01   6.6547203e+01   6.4975500e+02  -3.2580700e+01   6.8208500e+04   1.1971200e+00   1.7357799e+01   3.2570000e+01  -2.3000000e-03   1.1518300e+01   1.1001000e+01   1.1000000e+01   1.9400001e+00   1.0000000e+00   6.0000000e+00   3.0000000e+00   1.4705800e+03   1.6919800e+03   3.0548000e+02   8.0881000e+02   4.6661000e+02   1.4159802e+01
  -2.3333130e+00   4.0500122e+01   6.5658501e+01   8.6979401e+02  -3.7907700e+01   6.0308199e+04   1.1749750e+00   3.6445900e+01   3.1549999e+01  -1.4900000e-02   1.5145500e+01   1.1001000e+01   1.1000000e+01   1.9400001e+00   1.0000000e+00   5.0000000e+00   3.0000000e+00   1.3868600e+03   1.6079400e+03   2.2608000e+02   7.5804000e+02   4.4651000e+02   1.3435029e+01
  -3.3333130e+00   3.8500122e+01   6.5063003e+01   7.1709100e+02  -3.3097900e+01   6.7659297e+04   1.1236962e+00   9.0219704e+01   3.2430000e+01  -1.7500000e-02   6.4090700e+00   1.1505000e+01   1.1490000e+01   1.9400001e+00   1.0000000e+00   6.0000000e+00   3.0000000e+00   1.3693500e+03   1.6485100e+03   7.9870000e+01   8.3802000e+02   2.4225000e+02   1.4916434e+01
